0.814864	0.943699	1.31759	2.11299	2.15732	2.39049	3.51141	3.71248	5.26019	8.85131
0.887957	0.63897	1.25761	2.42642	2.7604	2.82909	3.63066	3.68072	5.07106	8.47903
0.907119	1.01589	1.62291	2.44717	3.17988	2.45369	3.65786	4.58106	5.10701	8.04226
0.104131	1.00717	1.98709	2.31009	2.26518	3.3128	3.8983	3.84372	5.06688	9.24502
2.68255e-05	0.970875	1.44191	2.25737	2.01916	3.3898	2.977	4.30188	4.89665	8.20242
2.9238e-05	0.855477	1.76396	2.91902	2.57505	2.73923	3.30751	3.64366	4.81551	7.51181
0.0640028	1.02327	1.30205	2.18253	1.95922	2.86446	3.80314	4.84499	5.01109	8.32798
0.00937484	0.955792	1.60422	1.41359	3.07904	3.45769	3.89416	3.45304	5.19198	7.40146
0.467385	0.75665	0.923378	1.76122	2.61414	2.57776	3.65727	4.52647	4.46301	7.91129
0.204255	1.24691	1.66839	1.93421	2.92305	3.2014	3.68044	5.08461	4.62836	7.32481
0.198491	0.638938	1.29114	1.6598	2.4772	2.36094	4.03329	3.94011	4.4116	8.79408
0.226756	0.761797	1.53843	1.19967	2.38351	2.76057	3.29164	4.43631	4.3777	8.14645
0.0468464	0.761486	1.2441	2.03694	2.67054	2.57181	3.37378	4.08487	5.33549	7.91237
0.0838832	0.450602	1.22492	2.83771	2.71403	2.76559	3.20556	4.48411	5.39603	8.58602
0.362198	0.811995	0.712008	2.20791	2.12965	2.94201	4.04895	4.27841	5.27569	6.9473
0.0142499	1.27214	1.32624	2.73818	2.2719	2.80022	3.65341	3.76544	5.20938	8.1887
0.617453	1.6142	1.18224	2.04948	2.34141	3.1889	3.27142	4.25009	4.87283	7.29667
0.0375964	1.10746	1.62876	1.56399	3.40624	2.60278	3.94274	4.07013	5.2345	7.9882
0.133454	1.12923	1.26465	1.14392	2.07654	3.35429	4.49417	3.77719	4.8054	8.52345
0.542852	0.955683	1.34415	1.53829	2.41555	3.46492	3.34388	4.42571	4.81832	6.63461
0.0692311	0.649741	0.941644	2.14452	3.19906	3.12564	3.11704	3.84758	4.30516	8.67666
0.127414	1.07917	1.3397	2.14576	2.67952	3.25396	3.6038	4.30922	4.83008	8.69348
0.837524	0.990926	1.62201	2.72796	2.74237	2.90113	3.24179	4.26766	4.69108	7.78412
0.170563	0.669536	0.744403	2.0909	2.29481	2.69332	3.89289	4.03332	4.08111	7.4915
0.0522927	1.51319	1.25515	2.00437	2.06417	2.69958	3.92059	4.2852	4.15893	7.93681
0.483069	1.2007	1.15451	2.55252	1.74385	2.87699	3.85845	4.03229	5.04145	8.36331
0.228736	0.47522	1.30737	1.88797	2.10083	3.01354	3.60015	4.3671	5.12671	8.04084
0.0580138	0.944131	1.50249	1.59873	2.54615	3.30493	2.93612	3.69595	3.73699	7.91106
0.991217	0.491052	1.51244	1.69393	2.38566	2.44233	4.10656	4.14424	4.49206	7.99847
0.748381	1.14399	1.43644	2.36992	3.15612	2.59687	3.4149	3.87106	5.63708	8.84096
0.380472	0.844246	1.5454	2.22113	2.36423	3.05299	3.82978	4.2854	4.82469	8.2147
0.209052	1.03729	1.76166	2.15	2.15586	2.68899	3.70045	4.21715	4.24798	8.00847
0.000721594	0.637024	1.20627	1.73735	2.19825	3.1282	3.31767	4.30968	4.89139	8.85015
0.252321	1.12484	1.36198	1.64883	2.26738	2.39501	3.80869	4.66069	4.96791	8.05356
0.159962	0.721342	1.34612	1.81413	2.38505	2.46203	3.87558	4.15761	5.09328	8.90403
0.677935	1.12147	1.16025	1.99535	2.78101	3.78644	3.27374	4.02618	4.19738	8.22674
0.808826	1.04915	1.23416	1.46976	3.29256	3.04743	2.43361	4.06253	4.2037	8.28916
0.376055	1.08081	1.287	2.10356	3.12695	3.59268	3.30508	3.69512	4.69403	8.06333
0.0512742	1.29932	1.38121	2.06472	2.14158	2.78964	3.79127	4.0969	4.73074	9.01591
0.905863	0.284299	1.07933	1.41774	2.0693	3.66283	3.31451	4.09833	5.14641	8.57477
0.00125722	0.500568	1.62294	1.39309	2.17481	2.84474	3.96534	4.2419	4.62122	7.2051
0.556859	0.792783	2.13462	1.37748	2.80741	2.62407	3.66239	4.35892	4.33376	8.67303
0.740916	0.637036	1.30361	1.92565	2.45776	2.83024	3.93978	4.12907	4.80225	7.90403
0.110478	0.94206	1.61151	1.59695	2.86074	2.82491	3.44071	3.67768	4.7111	8.19523
0.0068363	1.60946	1.42669	1.88871	2.90262	3.38256	4.1592	4.52962	4.62316	7.24665
0.0706168	1.10962	1.45641	2.542	2.36872	2.42999	3.10353	3.77204	4.92249	7.56062
0.00346839	1.14804	1.17688	1.95079	2.55591	2.71089	3.59241	3.96051	5.56041	8.77521
0.558898	1.25017	1.50884	2.08429	2.24489	2.72117	3.3123	4.02259	4.6048	8.29522
0.19933	1.14371	1.11629	1.98582	2.26176	2.42955	3.6847	3.68255	5.26195	7.80693
0.00422834	1.29231	1.01621	2.46859	2.33405	2.28518	3.15581	3.96325	4.72435	8.01068
0.955033	1.08785	1.52494	1.45177	2.82786	2.75307	3.7618	3.99966	4.49299	7.16093
0.159191	0.538659	1.29057	1.79854	2.0093	2.62679	4.06651	3.91041	4.61841	8.28689
0.973073	0.860743	1.43849	2.33471	2.34608	2.96488	3.28884	3.58166	5.13021	8.13491
0.381083	0.441652	1.17231	1.67878	2.70756	4.19676	3.94203	3.91378	4.95029	7.58753
0.563823	0.454218	1.23013	1.34051	2.95821	3.19267	3.89365	4.45027	4.37849	7.36505
0.880057	0.434897	0.810907	1.51633	2.03889	2.47362	3.18734	4.50254	4.42089	7.49618
0.619369	0.21948	1.19571	2.09382	1.87385	3.1349	4.72241	4.01047	4.9272	8.94155
0.715731	1.03624	0.565397	1.54019	3.53897	2.93295	4.02451	4.74172	4.71505	8.02443
0.213428	0.526592	1.76075	1.90706	2.86866	3.02625	3.90255	4.67184	4.44511	7.17355
0.950989	0.790905	1.23676	1.50559	2.13841	2.47797	3.71337	4.67807	4.97241	8.24425
0.286054	0.82204	1.25213	2.70606	3.02967	3.19633	3.21944	4.27433	5.37537	7.70688
0.940233	1.01327	1.6103	1.74012	2.82497	2.90558	3.63698	3.92215	4.75724	8.15453
0.356254	0.67662	1.26499	2.12099	2.40007	2.67057	4.21547	4.49865	4.87406	8.70286
0.00709354	0.744954	0.936259	2.21173	2.27594	3.23334	3.73509	4.20874	5.46325	8.18312
0.950534	0.990804	1.82101	1.5485	1.95256	3.16387	4.02471	4.2311	4.59629	8.71588
0.681635	0.600397	1.00934	1.8296	2.38054	3.62605	4.10244	4.09089	4.98788	8.56335
0.780259	1.24677	1.0027	1.77811	2.02614	2.78432	3.8643	4.63523	5.9133	8.37959
0.109911	0.975696	1.33918	1.37286	2.57056	2.52402	4.02155	4.33498	4.45913	7.12155
0.127216	0.408409	0.563757	1.62428	2.23157	3.02715	3.56425	4.5621	5.48427	8.90959
0.174961	1.02313	1.14449	1.89561	1.85687	3.17942	4.1516	3.24889	4.62122	7.84365
0.690598	1.21867	1.11189	2.07966	2.90658	2.64066	3.72966	4.25401	4.25802	8.14492
0.327187	0.697209	1.58231	1.62779	2.87757	3.05468	2.96614	3.82699	5.23699	8.38522
0.329998	0.427524	1.35889	1.55461	2.20683	2.83906	3.45928	4.44645	4.9457	8.43994
0.218847	1.26555	1.0668	1.33318	1.66743	2.98152	4.30286	3.74702	4.36487	8.24278
0.180422	1.21719	1.86086	1.85475	3.09702	3.32802	4.12451	4.43253	5.01217	8.74871
0.53629	0.562463	1.11518	2.21293	2.52314	2.91229	3.45874	4.75649	4.55606	7.44789
0.538024	0.555453	0.930844	2.42599	2.55353	3.57239	4.1594	4.54688	4.23153	8.07465
0.753003	0.507768	1.3675	2.22079	2.14784	2.29082	2.71413	3.60169	4.64025	7.68097
0.0576908	0.738951	1.13117	2.04966	2.4348	3.15045	4.04069	4.65879	4.2794	7.72901
0.0157178	1.66167	1.22133	1.68679	2.94716	3.39256	4.03874	3.55392	4.73098	8.02569
0.015113	1.0283	1.74807	1.68656	2.60868	3.05373	3.33159	4.68522	4.62708	8.08522
0.0124465	0.813866	0.898891	1.87017	2.84458	3.23903	3.65696	4.47127	4.49998	8.59376
0.433884	1.1642	1.20658	1.78997	3.51089	3.61341	3.78067	4.5582	5.55783	7.78857
0.138369	1.24774	1.76229	2.80546	2.55252	2.93217	3.60476	4.68269	4.9141	8.08106
0.00670963	0.623103	1.00363	2.16157	2.75249	3.67644	3.59386	4.38338	4.18556	8.88047
0.0056466	1.15503	1.20199	2.30624	2.3424	3.24943	3.72841	4.27297	5.30187	6.825
0.441215	1.15853	1.03903	2.0178	2.29451	2.81702	3.32653	4.28343	4.20833	8.18457
0.72199	0.787636	1.84754	2.07606	2.07212	2.89444	2.87126	4.14402	5.39009	8.45949
0.00755067	1.26801	1.42284	2.05023	2.74891	3.42962	3.43454	3.28231	4.25279	9.10465
0.00177784	1.13534	1.89187	1.85568	2.39338	3.67985	3.87006	3.70475	4.95939	7.82577
0.763935	0.595441	1.52501	1.94779	2.97689	4.19822	3.72739	3.94515	4.20055	6.97401
0.419854	0.645361	0.975277	1.5955	2.31042	3.09664	3.53085	4.02622	4.78392	7.74822
0.170954	0.794406	0.986913	2.18313	2.52262	2.63385	3.41014	3.88763	5.17132	8.10675
0.753709	1.07324	1.22153	1.97246	2.25784	3.7132	3.61617	3.50077	5.48367	9.13414
0.0434728	1.09293	2.00625	1.86996	2.78065	2.87511	3.30869	4.55689	4.40105	8.86666
0.274937	1.00447	1.78124	1.89913	2.3086	3.33937	3.33408	3.3684	5.87992	8.35776
0.930856	0.640558	1.24369	2.10596	1.55646	3.35162	3.02945	4.41571	4.45257	8.58161
0.216143	0.624569	1.13861	2.5762	2.57474	3.99522	3.07374	3.54506	4.48999	7.67482
0.00355305	0.756776	1.35468	1.82813	2.34439	2.93606	3.01987	4.0871	5.55166	8.14507
0.356249	0.638534	1.95193	2.25328	2.67098	3.51356	4.11376	4.69161	5.56251	8.43745
0.0756993	1.73582	1.66779	1.72649	2.01602	3.5021	3.5215	4.19694	4.61103	7.20987
0.29444	0.568897	1.84659	2.07106	3.01046	2.77535	3.47875	4.53497	4.45415	7.90411
0.283914	1.11327	1.62811	2.10547	2.07011	3.61535	3.90097	4.77429	4.23827	7.63059
0.596246	0.77004	1.17333	1.93806	2.28196	3.16424	3.77106	4.4176	4.54082	8.17236
0.0530302	0.642285	0.687585	1.59283	1.8335	3.009	3.72461	3.93791	4.27614	8.73278
0.0137025	0.752395	1.5149	2.61535	2.55598	2.66185	3.82915	4.76092	4.05121	8.79193
0.66995	0.8694	1.21902	1.70518	2.22433	3.43067	3.26573	4.19081	5.0226	7.79995
0.356762	0.959831	1.10006	2.04802	2.33824	2.90104	4.14779	3.75704	4.56338	7.75338
0.181916	0.888507	1.54894	1.5104	2.18554	2.88383	3.87325	5.06302	4.80446	8.06833
0.989157	0.976374	0.699521	1.79523	2.55397	2.54676	4.40587	3.89015	4.63754	8.92346
0.942839	1.13115	1.80282	1.97097	1.60897	3.65683	3.91704	3.74079	4.58801	7.77077
0.00530931	1.07604	1.99747	1.70913	2.55708	2.8234	3.078	4.31657	4.97792	8.54475
0.0073304	0.767064	1.56496	2.05547	1.7973	2.86314	3.20559	4.40726	5.4882	8.73209
0.0271268	0.308442	1.6159	1.67532	3.2212	3.14775	3.65299	4.36319	4.53085	7.87914
0.0188706	1.48603	1.72065	1.99926	2.07281	2.13828	3.47357	4.32126	4.99118	7.94919
0.271764	0.995525	1.11284	1.84689	2.66954	2.61123	3.94515	3.03425	5.36816	7.24003
0.962452	0.809345	0.803924	2.15253	2.26062	3.02858	4.53179	3.98285	5.06112	8.12938
0.211417	1.56442	0.946671	1.33287	1.97865	3.17833	3.63151	3.17542	4.97855	8.37999
0.282597	0.898369	1.56599	1.40189	2.62089	2.36984	2.94819	4.4804	4.61709	8.10116
0.0894741	0.566822	1.27309	2.54412	1.82785	3.34325	3.60672	4.37449	4.15028	7.53068
0.174659	0.641166	1.26101	2.07126	2.284	2.50231	3.25253	3.87776	3.95901	7.71054
0.0167953	0.874647	1.68047	2.2324	2.34591	2.85194	3.8123	3.25008	5.68228	7.13365
0.919767	0.799055	1.15536	1.82875	2.58906	2.55993	4.04679	4.49304	4.80405	7.54086
0.645966	0.968611	1.39291	1.42215	2.46815	3.19024	3.63942	4.45015	4.81003	8.30786
0.728952	1.19002	1.2362	2.0583	2.18458	2.72177	3.42154	3.41713	5.39617	8.14513
0.552928	1.36019	2.55981	1.883	3.06366	2.95549	3.66565	3.91981	4.49243	7.69337
0.18406	1.48146	1.35371	2.32297	2.50792	3.16337	4.06374	4.32704	4.68689	8.8994
0.262721	0.815492	0.997065	2.01221	3.07195	2.99752	3.6894	4.25079	4.44157	7.47672
0.168729	1.14174	1.64446	2.11528	2.24327	3.27403	3.49499	3.88688	4.31775	7.84773
0.366738	1.01048	0.677359	2.3905	2.85847	2.97621	4.18542	4.78533	4.99944	8.25147
0.107363	1.59985	1.12468	1.70676	2.40454	3.66515	3.3814	3.28869	4.32501	8.21722
0.160479	0.370171	1.19978	1.79359	2.75615	2.56474	3.38876	3.69407	4.46904	7.98141
0.126129	0.965958	1.21611	1.95601	1.85869	3.42552	3.57772	4.25027	4.90756	7.9358
0.615939	0.560263	1.29719	2.47626	2.36665	3.25749	4.2004	4.36917	4.44649	7.92848
0.00203605	1.00053	1.38978	1.55092	2.69703	3.16894	4.15585	3.77783	5.11347	7.2201
0.680572	0.459088	1.47316	1.51117	2.51737	2.46668	3.33027	3.83282	4.61733	8.17808
0.182538	0.8842	1.37145	2.29163	2.31027	3.88377	4.08426	4.81932	4.30559	7.98991
0.0167341	0.617942	1.56114	1.75028	2.07195	3.5317	3.8279	3.81013	5.12054	8.00132
0.158536	0.55555	1.42415	1.64494	2.30578	2.67362	3.02277	3.52682	5.30298	7.84304
0.00568478	1.179	1.01438	1.69655	2.45805	2.4587	3.76859	4.1978	4.28118	8.03345
0.0958986	1.1654	0.820408	1.92674	2.39531	3.45287	4.12541	4.83716	3.91749	8.20223
0.769421	1.04675	1.55322	1.50978	2.70022	3.47483	3.94578	4.25576	5.05729	7.66018
0.392108	0.517727	1.49472	1.77436	2.01351	3.11425	3.4591	4.11883	4.64415	7.45467
0.253003	0.703579	1.46581	2.02533	2.68345	2.85933	3.99427	3.94278	4.58626	7.21516
0.628164	1.15255	1.32815	2.02251	2.36749	3.90655	3.83432	4.00744	4.52591	8.23119
0.369105	0.220717	1.33556	2.31187	1.46915	3.3046	3.23841	4.79479	3.52362	7.4927
0.639214	0.903648	1.94361	1.871	2.36548	3.66148	3.20784	3.70469	4.59522	8.105
0.427346	1.02482	1.14455	1.97878	1.99957	2.74723	3.44622	3.14172	4.71316	7.96083
0.217073	1.49622	0.878242	2.00866	2.07507	3.05723	3.16597	4.18517	4.91123	7.42028
0.0768219	1.69722	1.27306	2.31144	2.40125	3.64571	3.07899	4.47845	3.43302	7.65071
0.208567	1.21088	1.88795	1.69061	2.03073	3.36903	3.49159	3.55009	5.16796	7.77354
0.00793105	1.247	1.05824	2.479	2.77726	3.43688	3.40142	4.10291	4.49137	7.76683
0.775073	0.563689	1.41998	1.88171	2.17508	3.08971	3.25355	3.63972	4.36066	7.9561
0.0277654	1.30675	1.37092	1.86662	2.45974	3.79096	2.82794	4.50765	5.11395	9.54554
0.636091	0.732704	1.31023	2.12681	1.96129	2.5497	3.36054	3.94059	5.37341	9.00309
0.768041	0.877502	1.58164	2.13131	2.60542	2.99635	3.7594	4.94981	4.91972	8.4949
0.659686	0.838823	1.96517	1.16468	2.33978	3.46005	3.60683	4.16238	4.96953	8.22232
0.454418	0.445653	1.7156	2.33612	2.56156	3.27722	2.98224	4.31245	5.00822	7.5431
0.355109	0.989826	0.7832	2.00265	2.01706	3.1618	3.55017	3.60451	5.19148	8.49087
0.00122038	1.05882	1.27928	1.81975	1.8338	3.74992	3.85627	3.27109	4.59968	8.72789
0.543608	1.01258	1.34834	2.18553	1.76532	2.91036	3.76173	3.79834	5.17873	8.02278
0.392007	0.871229	1.49942	2.01793	2.42342	3.26451	3.39295	3.8585	5.70554	8.98779
0.00468939	1.01183	1.46157	2.09781	2.53595	3.20886	3.56547	4.15163	5.10867	7.28591
0.269784	0.991523	1.21938	1.6151	1.59759	3.07449	3.71879	4.03528	4.95268	7.97364
0.307716	0.508597	1.07125	1.7498	2.37838	3.23992	3.22559	4.5339	5.29443	7.90205
0.485719	0.861565	1.36467	1.46206	2.53371	3.56139	3.73026	4.4957	4.6886	8.60617
0.00257875	0.472507	1.4494	2.01747	2.76186	3.42075	2.80925	4.50169	4.34231	8.04197
0.416177	1.04499	1.81132	1.85823	2.17055	2.88375	3.45824	4.72722	4.89039	8.5064
0.950719	1.19167	1.6211	1.7274	2.95059	2.49106	2.86144	4.06246	4.90615	8.25454
0.485336	0.983641	1.31553	1.922	2.54075	3.20753	3.44956	4.24767	4.72813	8.31435
0.340596	0.987108	0.783255	1.7185	2.9328	2.36188	3.71831	5.18572	4.50654	7.76677
8.53203e-05	0.268487	1.83284	1.78569	1.94568	3.36364	3.24012	3.70891	4.59333	8.16897
0.233313	0.784888	1.90467	1.55697	1.92909	2.98937	4.10426	4.45808	4.17641	8.56039
0.316666	0.215713	1.27402	1.69872	2.30604	2.49322	4.10483	4.76394	4.24962	8.02095
0.0487337	1.30602	1.23168	1.6184	2.79986	3.07109	3.31183	4.45803	4.92982	7.94797
0.944764	1.16164	1.84542	1.31135	2.36106	2.48853	3.46514	4.13654	4.85649	8.39538
0.131559	0.644907	1.50511	1.77727	2.19926	2.81196	3.58028	4.35833	4.25316	8.46569
0.495689	1.34507	1.76414	2.67907	2.57993	2.75485	3.58437	4.64427	4.70806	8.04745
0.727327	0.604146	1.31109	1.89688	2.51527	3.65889	4.23786	4.38643	5.67135	8.43437
0.860923	1.07975	1.33137	1.68018	2.19913	3.1408	3.46147	4.47465	4.51424	8.20171
0.00871163	1.20172	1.09507	2.54146	1.94118	2.67874	3.06149	4.1176	5.05073	7.62164
0.0081271	1.07974	1.48517	2.03145	2.13531	2.63515	3.60374	3.69303	5.49066	8.27708
0.002299	0.619555	1.50995	2.78302	2.38631	2.89429	3.39667	3.65135	4.97684	8.07221
0.336195	1.04581	1.03477	2.23988	2.66429	3.03504	3.6533	3.63675	5.07386	7.88041
0.0986603	0.335717	1.32613	1.31576	3.04493	2.47336	3.64754	4.12565	4.61369	8.11846
0.0310278	0.357794	1.37438	1.98584	2.77338	3.09135	3.11821	3.89059	4.39123	7.45087
0.891464	0.376824	1.17916	1.95758	2.3581	3.25175	3.32599	3.9157	4.36652	7.30167
0.134424	0.765586	0.931352	1.88326	2.58543	2.62194	3.39019	4.15512	4.82121	7.88136
0.166026	1.23664	1.02286	1.70617	2.9675	2.67103	2.88378	4.59658	4.88677	8.26579
0.030237	0.944242	1.13219	1.37443	2.19746	2.741	3.66329	4.40691	4.40869	8.3669
0.241465	0.730201	1.41681	1.58381	2.52448	3.98923	2.81	3.52875	4.72557	7.85648
0.163605	0.565762	1.37674	2.02386	2.24625	2.63698	3.35417	4.20283	5.00996	8.62119
0.377501	0.622389	1.89932	1.73908	2.19193	2.27878	3.53435	3.98187	4.99968	8.14111
0.103095	0.688576	1.53986	1.91509	2.56979	3.04282	3.55593	4.09985	4.01068	7.51398
0.000289339	0.637423	1.194	2.45317	3.24455	2.83072	3.77759	4.47218	5.13352	7.40036
0.592258	0.965195	1.78185	1.36684	2.30144	2.31962	3.08051	4.21021	5.12675	9.02634
0.843845	1.67938	1.39598	1.74366	2.14322	3.13179	3.39567	3.66842	4.78434	8.58521
0.0200432	1.11902	1.59358	1.76364	2.38143	3.5109	4.0414	4.39836	5.61901	7.848
0.00966967	0.482927	1.08826	2.16926	2.60641	2.9423	3.72677	4.46644	4.94427	8.70889
0.701549	0.465888	1.42685	2.3691	2.46675	3.21364	3.53735	3.7839	4.46994	7.90915
0.61048	0.949802	1.36344	1.89242	1.85776	3.18803	3.54545	4.22487	4.11253	8.45507
0.212055	1.59987	1.21946	1.63969	3.01106	2.39687	3.91174	3.82134	5.04272	7.48187
0.670802	1.08394	1.03765	2.11178	2.77021	3.94324	4.13102	4.54611	4.68566	7.62765
0.238589	1.5084	0.662598	1.80815	3.04446	3.05945	3.95383	4.18719	4.56364	7.65026
0.00232771	0.512118	1.07883	1.29773	2.4724	3.05484	4.23736	3.63419	4.2461	7.18608
0.117987	0.88876	1.26892	2.66544	2.80292	2.58418	2.79544	3.90602	4.6191	8.46695
0.110498	0.425413	1.23181	1.95631	3.37096	2.92067	3.12551	5.07055	4.24121	8.2148
0.276179	0.829691	1.11722	1.99004	2.11512	2.24879	3.61479	3.69859	4.99574	8.17864
0.407909	0.270971	1.04613	2.13686	2.37638	2.98563	3.42987	4.13813	4.60485	8.16164
0.881887	1.14391	1.43488	1.81911	2.86114	3.48144	3.98673	3.57691	4.25347	8.22017
0.265144	0.77524	0.939153	2.19134	2.56823	2.1976	4.31393	3.91771	5.00329	7.70256
0.284583	0.943298	0.796675	1.72034	2.4275	3.03647	4.45755	3.67177	4.67463	7.51486
0.649109	1.15959	0.964992	1.14473	2.59797	3.1404	4.19162	3.87508	4.95297	8.05873
0.00908399	0.610692	1.30391	2.04919	2.16949	2.28509	3.9501	3.87713	4.72479	6.9995
0.0976261	0.435281	1.40176	1.59914	2.82063	2.59774	3.1884	3.9519	5.13942	7.70036
0.452746	1.04732	1.3702	1.29135	2.34787	3.07479	4.22029	4.25026	4.36903	8.27378
0.19096	1.06968	1.58108	1.70013	2.54705	2.82129	4.26228	3.74329	4.46682	8.63174
0.00381645	1.23001	1.13506	2.04155	2.51789	3.16617	3.6564	5.02388	4.59799	8.15988
0.0860345	0.796997	0.628762	2.26512	2.97209	2.8578	3.65285	4.09812	4.92004	8.17499
0.873113	0.953668	0.87304	1.52382	2.79823	3.42804	3.86395	4.0794	5.17323	8.11231
0.383069	0.292513	0.774531	1.37613	2.58312	2.95802	3.62155	3.90295	4.65823	7.92264
0.093368	0.407849	0.958361	1.83642	2.14415	3.17318	3.66386	4.02416	4.33086	8.60179
0.115088	0.546209	1.57841	2.27776	2.60391	2.83996	4.03381	4.96558	4.86735	8.37819
0.263752	1.31573	1.97088	1.87036	2.52395	2.95416	3.30619	3.99265	5.01362	8.42134
0.0827653	1.33279	0.556014	2.51243	2.80181	3.25653	3.44641	4.70489	3.82718	7.2871
0.0863041	0.595648	1.54996	1.58461	2.66284	2.25852	3.21435	4.0331	4.25495	8.69598
0.51854	1.0928	1.32654	2.09705	2.51648	3.44857	2.97475	4.3572	4.77666	9.24385
0.657608	1.36807	1.19547	2.42678	2.58071	3.12358	3.60209	4.30479	4.9125	7.93443
0.157973	1.29972	1.43708	1.72105	2.31219	3.0336	3.17831	3.40062	4.30961	7.55819
0.0808485	0.396452	1.98391	1.96735	2.02626	3.49216	3.32345	4.17291	4.66503	8.16678
0.0497993	0.826426	1.15115	1.66739	2.59452	2.82153	3.45615	4.37054	5.21361	8.32545
0.0703797	0.486179	1.70481	2.07435	2.36677	2.84446	3.36894	4.06996	5.14572	7.32988
0.00520143	0.206996	1.37979	2.35943	2.04153	2.56703	4.43801	3.9652	4.86774	7.78142
0.0314865	0.993441	1.40706	2.30485	2.46812	2.35232	2.96091	3.92124	4.66631	8.41704
0.549616	1.12322	1.55529	1.51622	2.87153	3.59417	4.23825	3.55492	5.36182	8.64815
0.998474	0.245958	0.796354	1.58817	2.20117	3.21543	2.89546	3.81131	5.0375	8.25565
0.6057	0.483773	1.40628	1.47832	1.4612	2.57277	3.11451	4.08086	4.43252	8.27931
0.235667	0.981171	1.42825	2.08192	2.14895	2.78639	4.3515	4.35207	4.71974	7.80362
0.409666	0.574833	1.34403	1.76021	2.53621	2.81812	4.18349	3.90725	5.11726	7.99935
0.193966	0.994443	1.3807	1.55719	2.20484	2.43738	3.94988	4.21188	4.20512	8.04717
0.779854	0.489431	1.62555	2.15965	1.75451	2.54295	4.22724	4.39064	4.51799	8.27751
0.0376852	0.275603	1.21029	2.52237	2.57095	3.4899	3.53191	4.48783	4.70207	7.81909
0.0773143	0.728647	1.62614	2.05499	1.99962	4.05949	3.72046	3.72975	5.00639	8.15153
0.0822609	0.483558	1.27388	2.62811	2.58794	2.42913	3.99276	4.00282	4.6573	8.0243
0.160453	0.634479	1.57219	2.20337	2.23144	3.17405	3.85461	4.21427	4.50139	7.91265
0.0927203	0.270564	1.91275	2.23805	2.32274	3.4304	4.3616	3.69651	4.21335	7.71585
0.148309	1.26041	1.36174	1.60354	2.02124	3.18071	3.8575	3.70273	4.3644	8.01145
0.158968	0.761597	1.95459	2.08341	2.58708	2.38457	3.42143	4.00061	4.25045	8.89839
0.667529	0.857448	1.27374	1.55935	2.66896	3.1451	3.49469	4.36036	4.23828	7.18621
0.0059151	1.14481	1.72401	2.0068	2.69344	2.64836	3.80638	3.03234	4.55248	8.05787
0.777442	0.806362	2.53867	1.9102	2.69439	3.37181	3.81283	4.04592	5.01417	8.86585
0.405777	0.91249	1.51599	1.53279	2.5145	2.51971	3.22472	4.39054	4.72136	7.22939
0.573964	0.817374	1.10577	2.12349	1.59769	2.91811	4.04468	3.87253	4.69014	7.92201
0.339559	1.30048	1.78654	1.95658	2.45454	3.30164	3.72324	3.69797	4.97324	7.68423
0.248006	0.606406	1.16149	2.44733	2.63166	3.41815	3.86102	4.00494	4.54481	8.50416
0.294593	1.02233	1.33587	2.13994	2.91775	3.03383	3.48213	3.94724	4.54574	7.69853
0.907791	0.865629	1.10695	2.29521	2.50176	3.88674	3.73479	4.35278	5.37645	7.89161
0.251228	1.35083	2.19617	1.51553	2.23074	2.89053	3.51692	3.79761	4.95702	7.70321
0.0346084	0.843359	1.81445	1.81289	3.14176	2.64112	3.70246	4.2917	4.84763	8.07359
0.766202	1.08859	2.19694	1.93485	2.5029	2.39815	3.33131	4.36244	4.4869	7.45122
0.387025	0.778553	1.97453	1.62148	3.15786	3.35143	4.23677	3.86267	4.08045	6.97438
0.313271	0.85752	1.35616	1.94258	2.51795	2.79072	3.57825	4.31796	5.99573	7.91643
0.372866	1.19423	0.272254	1.38625	3.14227	3.57464	3.03247	5.00241	4.07716	7.17321
0.132823	0.681707	1.20328	1.54939	2.00347	2.81965	3.84769	4.33955	4.86396	8.07813
0.108592	0.509707	1.38005	1.93876	3.06212	2.39875	3.60176	4.28926	5.09029	7.51119
0.291853	0.853375	1.78165	1.45739	2.10402	3.14434	4.17817	3.92412	4.78429	9.36828
0.0239706	0.821334	1.61438	1.47091	2.52459	3.51751	3.80086	4.38713	4.04523	8.13246
0.218796	0.51878	0.853549	2.28847	2.80479	2.9214	2.99822	4.92941	4.31003	7.89574
0.0157633	1.07374	1.73987	1.29732	2.27213	2.44863	3.56967	4.50113	4.7458	7.14544
0.453127	0.742187	1.29588	1.13153	2.05806	2.93605	3.36659	3.7748	5.01814	7.54065
0.136081	0.824215	0.96943	1.91815	2.19593	3.22124	4.30495	3.79378	5.42155	8.65456
0.228246	1.30792	1.22189	1.71108	2.24397	3.00115	3.73529	3.60607	4.83499	7.25806
0.690609	1.18609	1.42908	2.1269	2.2307	2.85073	3.48661	4.08108	4.36719	7.79391
0.825732	1.99312	1.37647	1.91558	2.25692	2.92823	3.93745	3.19692	4.2388	8.15569
0.312979	0.921862	1.52132	1.92085	2.79115	3.30054	4.25108	3.71828	4.72286	8.44349
0.13502	0.625735	1.06012	1.82706	1.90238	2.68757	3.77609	4.17264	4.31562	7.09585
0.454333	0.734492	1.73371	1.96499	2.79678	3.38355	3.68959	4.05805	5.4021	8.10658
0.783075	0.907206	1.33533	2.29114	2.14647	3.18323	3.79249	3.31838	4.18168	7.60446
0.217139	1.39322	1.80101	2.09972	2.01698	2.78844	3.08545	4.79878	3.91077	7.99618
0.0294944	0.576156	1.44984	1.92389	2.38077	2.6508	4.09482	4.20885	4.49756	8.28771
0.484515	1.1157	1.26182	1.84834	2.3935	2.32019	3.82881	4.08027	4.67256	8.69558
0.0310797	1.99322	1.49493	1.6335	2.09379	3.1764	2.84962	4.20841	4.59591	6.88615
0.822591	0.946141	1.17197	1.27737	2.89341	3.42814	3.91458	4.36603	4.64348	8.36318
0.575969	1.18605	1.49028	1.37282	2.2451	3.11413	3.92598	3.96989	4.29794	7.89356
0.545972	1.34866	0.930406	1.73614	2.17441	3.14446	3.50497	4.04724	4.71029	8.12391
5.00274e-07	0.966064	1.60893	1.97782	2.59907	3.91937	3.55412	3.72313	5.96145	8.7348
0.0661727	0.848334	0.787021	1.81394	2.62034	3.14833	3.40522	4.38933	4.35663	7.02986
0.470741	1.15993	1.57042	1.54826	1.99245	3.01918	3.12139	3.14379	5.58905	8.31625
0.924843	0.532394	1.60273	2.47038	2.64843	3.70063	3.84971	4.25419	4.80549	8.63943
0.5498	0.81481	2.14617	1.69848	2.34851	3.17632	4.1399	4.49288	4.56747	8.31295
0.743798	1.55059	0.781957	2.31916	2.46822	3.36358	4.00881	4.11708	5.48091	7.62765
0.00235426	0.840647	1.06392	1.99096	2.86879	3.05247	3.87508	4.38779	4.55102	8.06966
0.00326041	0.421559	2.3668	1.18258	2.58925	2.92084	3.54197	4.01483	4.26313	7.93292
0.161423	0.24756	0.961745	2.20487	2.187	2.90931	3.48335	4.22259	4.8568	7.70864
0.00683668	0.538551	0.917875	2.58218	2.44667	3.73619	3.59891	4.10178	5.19825	8.44651
0.662516	0.967521	1.76597	1.94343	2.48533	2.4002	3.86256	4.27027	4.9999	7.94606
0.441493	1.54862	0.833865	1.55712	2.8559	2.63528	4.38383	4.56209	5.00434	8.45305
0.602376	0.426423	1.17401	2.03534	2.39894	2.77503	3.53237	4.84463	3.74117	8.20871
0.832464	1.17724	1.13532	1.87175	2.37912	3.16935	3.66351	4.2927	4.9045	7.99583
0.249905	0.855136	2.2303	2.30339	2.28036	3.51077	3.11651	4.54968	4.66239	7.49736
0.285849	1.32277	1.02856	2.16478	2.73911	2.89411	3.75808	4.26319	3.78703	8.13361
0.116723	1.49388	1.53681	1.59328	3.0493	2.76312	3.74282	4.29614	4.27333	7.5951
0.0730756	0.878137	1.39662	1.88382	2.25015	3.03823	3.67624	4.47105	4.16792	7.90899
0.000161338	0.639635	1.44482	1.94749	2.35041	3.41467	4.25564	4.66098	4.13781	6.89395
0.000139934	1.06986	1.41677	2.19162	2.44177	2.68882	3.5558	3.96163	4.70904	8.03312
0.725632	1.65407	1.39699	1.94869	2.66736	3.19017	3.3388	3.27532	5.3924	8.2542
0.7307	0.9353	1.7087	2.27836	2.90161	2.57703	3.91802	4.59715	5.23752	9.13138
0.00831127	1.24289	1.18662	1.63447	2.19713	2.95865	3.86914	4.59221	4.35171	8.05246
0.524392	1.02368	1.49284	1.24656	3.17422	3.1411	3.80183	4.54923	5.45136	8.44051
0.071512	0.951411	1.0489	1.96029	2.56855	3.15079	2.97238	4.13006	5.65773	7.57119
0.647179	0.933315	1.31873	1.51181	2.50414	2.88355	4.05212	4.36904	4.18649	7.89037
0.325608	0.872707	1.16231	1.72533	2.28948	3.07071	3.58801	3.7624	5.08272	7.36774
0.166288	0.428625	1.17158	1.7585	2.96854	2.60887	4.03283	4.43888	5.05526	7.32241
0.0499482	0.581757	2.21235	2.55076	2.23893	3.23259	2.9073	4.05731	4.88921	8.72069
0.00313152	0.941759	1.10864	1.86837	2.2225	2.99607	3.87106	4.57519	4.71137	9.33185
0.45743	0.597341	1.54823	2.18772	2.91773	3.39489	3.26912	4.18474	4.73771	8.93545
0.0292686	1.24465	0.992225	2.37923	2.46936	2.92986	3.02651	4.24873	4.86219	7.56469
0.887546	1.20674	1.35074	1.8554	2.45072	2.47708	3.74441	4.48202	4.32095	7.63569
0.0140179	1.30653	1.31267	2.195	2.06422	3.02784	3.83797	4.39283	4.42144	8.21191
0.00118203	0.53333	1.95329	1.64135	1.78824	3.46303	3.60129	4.49193	4.48981	8.02848
0.123838	0.892018	1.98188	1.66698	2.86431	2.3167	4.50082	4.36101	5.47592	7.56785
0.031989	0.519698	1.64602	1.57399	2.1304	2.76639	2.51948	3.95705	5.46904	8.76553
0.34055	0.619767	1.62984	1.6059	2.06407	2.88901	4.01103	4.12725	5.05066	7.98124
0.216386	1.43136	1.13377	1.98142	2.16392	3.28198	3.29409	4.24824	4.9106	8.37203
0.357545	1.45308	1.75552	1.76355	2.77612	2.94843	3.72031	3.97701	3.81507	8.45388
0.0308925	0.868248	1.62169	1.75316	2.74299	3.46567	2.9469	3.8567	4.93013	8.04501
0.740835	0.687184	1.12944	2.30725	1.90675	3.0252	3.7109	4.2123	4.90804	8.48971
0.00181543	0.444715	1.58353	2.52469	1.96646	2.91165	3.84609	4.53653	4.89791	8.35757
0.0422035	1.04959	1.53046	2.06328	2.62851	2.85228	3.81767	4.9526	5.76868	8.47409
0.637795	1.50848	0.985615	1.33651	2.73046	1.99038	3.39865	4.12921	4.70534	8.53915
0.114647	0.858194	1.14965	0.87332	2.51964	3.91604	4.03879	4.41275	3.93886	8.10041
0.990089	1.08991	1.42186	2.76316	1.82905	3.07226	3.21118	3.95305	5.83013	8.71837
0.352304	0.915953	1.33399	2.27419	2.37247	3.50563	3.91949	3.94052	5.36597	7.59841
0.581303	0.761479	1.14661	2.19621	2.7637	2.98609	3.05349	3.99488	4.42207	8.52405
0.469265	0.385578	1.47688	2.42705	1.77847	3.06414	4.25233	4.07894	4.71439	8.81089
0.102563	0.409529	1.90765	1.8837	1.82574	3.34358	4.41217	3.95627	4.965	7.7328
0.195978	0.464859	1.09715	1.58511	2.71097	3.47551	4.16084	4.19892	4.97297	7.88469
0.0198048	0.87087	1.07317	1.81875	2.61166	2.87888	3.34325	4.10277	4.52995	8.56574
0.00098271	0.306798	1.26726	2.05004	1.91226	3.27541	3.69362	3.95747	4.60929	8.27059
0.145885	0.641611	1.31971	1.68034	1.60803	3.04128	3.57934	3.81568	5.18657	8.67903
0.0209293	0.814012	1.11548	2.09431	2.30158	3.14416	3.20162	4.29174	4.54051	9.09648
0.131458	1.51112	1.60408	1.62916	2.32354	2.72394	4.55535	4.09325	3.89156	7.91777
0.684483	1.05368	1.19118	1.902	2.48738	3.0418	3.64114	4.04015	4.54018	7.67315
0.242098	0.764478	1.35146	1.83557	2.45274	2.77558	3.87379	4.73326	5.29868	8.42461
0.850435	0.81268	1.34508	1.54697	2.93137	3.21914	3.77829	4.9365	4.14004	7.6471
0.0431734	0.579473	1.62133	1.68315	2.28294	3.69507	3.63841	3.86364	4.37693	7.82932
0.779894	0.850279	1.75323	2.0019	2.66842	2.97679	3.41941	4.17179	4.25951	7.13932
0.0149726	0.834589	1.3882	1.94519	2.6338	3.0109	3.7642	3.92693	5.83649	7.77144
0.430439	0.915988	1.30394	2.06726	2.27603	3.1604	4.04033	4.53184	4.96122	8.09076
0.226251	0.243223	1.27152	1.97026	2.32151	3.10162	3.31838	3.42773	4.40098	8.53514
0.00977424	1.18577	1.43735	2.08888	2.87069	3.43575	3.82368	4.60642	5.5965	7.53302
0.326006	0.816261	1.09001	2.16124	2.44613	2.82718	3.66248	4.11175	4.53866	8.25408
0.694277	0.420314	0.68592	2.39893	1.81088	2.83032	4.39682	4.45685	5.48624	8.52341
0.00827686	0.77742	1.92426	1.90791	2.22116	3.15912	3.28005	3.79181	4.91574	8.11326
0.567633	0.760211	1.09075	2.40619	2.35611	2.99073	3.74973	3.9272	4.91983	8.03256
0.535696	1.59739	0.944551	1.78023	2.51365	2.70718	2.67296	3.96234	3.87423	7.5559
0.816393	0.599528	1.21692	2.30818	2.7785	2.63656	4.39313	4.04374	4.60172	7.87416
0.662589	0.931808	1.66237	1.21849	2.72529	3.02571	3.98913	4.04119	5.08426	8.74347
0.0712642	0.220694	1.08106	1.31082	2.68007	3.6669	3.76995	4.51273	4.22872	8.38927
0.242689	1.30057	1.92929	2.18575	3.00896	3.00964	3.25069	3.80571	4.61709	8.37136
0.0240718	0.8334	1.43393	2.61163	3.13678	3.33776	4.34401	3.30028	5.04536	9.37634
0.116654	0.533261	1.36626	2.06944	3.21682	2.92575	3.4548	4.06393	4.30794	7.42113
0.696599	0.492043	1.46854	1.95238	2.28473	3.15504	3.60316	4.34145	4.64148	8.97993
0.28886	1.04232	1.19076	1.67575	2.09074	3.03731	3.35866	3.40751	4.97201	7.54121
0.0736345	0.378632	0.991033	1.55132	2.05996	3.42426	4.0057	4.20044	5.88881	7.9663
0.0928134	1.02493	1.33979	1.56914	2.11335	3.42899	3.55801	3.67593	4.93198	8.35763
0.0332285	1.02103	1.23407	1.97674	2.73721	3.22981	4.27991	3.37976	4.12181	8.11276
0.545096	1.21867	1.05828	0.980071	1.88066	3.14725	3.4547	4.42196	4.31093	7.57976
0.630783	0.864416	1.34436	2.64421	2.34572	3.73352	3.33297	4.95161	4.23161	8.11896
0.303917	1.4255	1.08331	2.5165	2.77065	3.25115	3.31216	4.07464	4.73453	8.41942
0.431718	0.518476	1.11602	2.22233	2.01416	2.90036	2.90687	4.04452	4.59083	8.55628
0.0554553	1.32155	1.3115	1.99549	2.63309	3.76682	4.37326	4.07094	4.51242	8.28258
0.159252	0.682445	1.5576	2.52313	2.27606	3.34588	4.45339	4.22707	4.62019	8.06349
0.54655	0.832008	1.13187	2.10043	2.36297	3.53362	3.42757	4.34822	4.52116	8.02369
0.0346451	1.11702	1.31935	1.06198	2.37361	3.37812	3.73531	3.75826	4.74037	7.72644
0.494789	1.00871	1.31532	2.12387	2.93777	2.71505	3.11535	4.54467	4.41722	9.56149
0.120422	1.22419	1.50549	1.97304	1.80443	2.90826	3.45012	3.82758	5.63321	7.63315
0.00465837	0.8988	1.80348	1.67809	2.74091	3.53888	3.52749	4.22932	5.71081	7.38498
0.437157	0.622401	1.58378	1.84204	2.07843	3.21129	3.73854	2.96617	4.85228	8.38694
0.791198	0.581653	1.13718	2.29987	1.8822	2.83252	3.57816	4.80997	4.15622	8.05904
0.020792	1.47298	1.53659	1.59552	2.46441	3.1266	3.59698	4.31656	3.69224	9.35645
0.980225	0.731665	1.23502	1.99928	2.41933	3.28295	3.85747	4.56067	4.9401	8.80868
0.400866	1.17772	1.99212	2.07438	1.91074	3.78688	3.37134	5.06831	4.71176	7.30864
0.00736873	1.21964	0.639328	1.78783	2.85862	2.6694	3.565	4.4113	4.7076	7.706
0.276862	1.66079	1.60906	1.74254	2.50353	3.40403	3.52774	3.85811	4.45564	8.61687
0.0583048	0.640797	1.77352	2.22759	3.0925	2.77693	3.61478	3.92755	4.58399	7.95279
0.0335059	0.198724	1.52806	1.77051	1.44661	2.96507	3.45521	4.19707	4.53068	8.36066
0.411683	1.38419	0.865972	1.61096	3.35724	2.83286	3.81508	3.558	5.0609	8.78925
0.00124413	0.890542	1.14969	2.00128	2.59862	3.16192	3.7273	3.88628	4.43716	7.91082
0.69467	0.798531	1.37136	2.38167	2.53492	2.51381	3.81639	3.67955	4.81588	8.56753
0.0842402	1.32081	0.842191	2.31231	2.81028	3.19559	3.73333	4.75105	4.38312	9.2211
0.283598	1.29694	1.44372	1.80407	2.41748	3.3716	3.21883	4.60519	4.5041	8.09708
0.00988127	0.891439	1.83194	1.60033	2.48046	2.47213	3.94663	4.27604	4.95599	7.33269
0.513297	1.02207	1.2888	1.89121	2.02426	3.44179	3.56175	4.5903	4.34226	7.80962
0.172318	0.932103	0.811563	2.03738	2.24733	2.63364	3.57211	4.11688	4.57663	8.26875
0.43908	1.53798	0.65809	2.67256	2.83951	2.65593	3.73886	3.94242	4.68138	9.26913
0.38016	1.28346	0.980995	2.22751	2.34605	3.1089	3.91351	4.66762	4.15997	7.39206
0.107873	0.670887	1.74621	1.92103	2.54091	2.3925	3.39264	3.78721	4.73473	8.11751
0.225723	0.836222	0.953905	2.09726	2.10221	2.59732	4.48662	4.2623	4.36428	7.62321
0.209282	1.00287	1.59144	2.51426	2.27774	2.4999	3.59482	4.43818	4.41225	7.8981
0.159714	0.375245	0.971453	1.8544	2.417	2.19423	3.35866	4.49834	5.01969	8.42795
0.1061	1.79322	1.70992	2.09321	2.61215	3.29354	3.26893	3.64681	3.73174	8.67851
0.397902	1.01874	1.67581	1.83044	2.40316	2.84797	4.0646	4.25293	4.9032	7.98521
0.378705	0.781737	1.70032	1.26064	2.67148	3.47544	3.34193	3.83501	4.28759	7.22093
0.578249	0.546072	1.97711	1.98563	2.35065	3.29819	3.44404	3.86377	5.22183	7.75366
0.217947	1.72362	1.4199	2.07306	2.12106	2.49795	3.23405	3.8811	4.19805	8.90043
0.073509	1.05172	0.56354	1.45372	2.06628	2.60746	3.19519	3.94153	4.72902	7.46837
0.892382	1.10057	1.09765	2.06291	1.83765	2.66905	3.90879	4.13151	3.74809	6.82509
0.549124	1.68639	1.25861	2.14101	2.90271	3.32728	4.06196	4.51625	4.57966	8.90124
0.465576	1.06994	1.14378	1.40846	2.05832	2.32828	3.92534	3.45995	5.00838	8.1218
0.0279138	1.35285	1.15479	2.22698	2.61429	3.22329	3.77283	4.13067	4.42892	7.72548
0.0029202	0.459881	0.921905	1.60397	2.34171	3.37149	3.20387	4.95861	4.30495	8.50724
0.123597	1.63787	1.3195	2.00833	1.98801	2.76163	3.76679	4.79692	4.59388	8.57829
0.864496	0.942188	1.12888	1.90044	3.09477	3.26755	3.42189	3.71082	4.47879	8.56241
0.172125	0.688908	1.13901	2.58182	2.87465	3.02029	4.03779	3.54345	4.48402	7.73509
0.0885101	1.34978	1.44299	1.7089	2.41988	3.60836	3.47556	4.59384	4.55134	9.08718
0.529642	0.869171	1.14557	2.00474	2.60189	2.56442	3.27538	4.12354	4.91501	7.9338
0.424899	0.791714	1.16694	1.75099	2.61068	2.80018	3.02188	4.02183	4.47168	8.39195
0.602722	0.490995	1.19112	1.56196	2.79255	2.9744	3.96876	4.16887	4.28944	8.2618
0.094902	0.390669	1.7982	2.10293	2.47423	3.58765	4.04825	4.40118	4.50614	7.82041
0.503289	0.418572	1.44694	1.85037	2.4113	3.28431	3.22054	4.21588	4.4145	7.88001
0.130697	0.949238	1.53958	1.55546	2.75497	2.66146	3.68308	4.07519	3.5719	8.71624
0.000768165	0.973369	1.41101	1.80628	2.0764	2.83642	3.50218	4.28335	4.81876	7.52091
0.37483	0.838002	1.4515	2.58382	2.05064	3.91683	3.41518	4.16803	4.72815	7.84695
0.00383844	0.44882	1.4649	1.73091	3.38089	3.35939	4.27921	3.85638	4.82669	8.65788
0.0300954	1.21034	1.50856	0.927182	2.80381	3.53202	4.44415	4.08997	4.62793	7.9403
0.897453	0.775759	1.46571	1.86156	3.07352	3.78965	3.76197	3.88879	5.32066	8.02577
0.0687109	0.732897	1.46755	1.10754	2.89752	2.94408	3.08951	4.07223	4.28087	8.13348
0.00045939	0.958018	1.3282	2.6717	2.32234	3.21704	2.87546	4.23477	4.67066	7.61918
0.284943	1.17346	1.05865	1.0903	1.94832	2.90015	3.55268	3.86499	4.57828	8.08785
0.0695648	0.206304	0.944545	2.39865	2.22185	2.87539	3.47904	3.82192	4.03125	8.53516
0.483805	0.37158	0.50383	1.97482	2.73922	2.87087	4.27661	3.39116	4.88549	8.2548
0.332146	0.622071	1.17358	1.60496	2.32199	3.30036	4.03997	4.52904	5.70886	7.79607
0.000743472	0.369043	1.39077	1.24974	2.99073	2.95146	3.83347	4.14463	4.54768	8.37407
0.116925	0.336439	0.926224	1.53958	1.8055	2.94069	4.04488	3.53907	4.45879	8.24927
0.951085	0.843055	1.72735	2.43738	2.03913	2.69713	3.92528	3.93998	4.22618	7.15286
0.318847	0.302611	1.38593	1.81365	3.08543	2.72388	3.70748	4.529	5.17431	7.81872
0.792755	0.85603	1.01485	1.96663	2.18712	2.17099	3.49367	4.51043	4.87816	7.63848
0.100235	0.895487	0.863052	1.81525	2.41445	2.91289	2.82485	4.59506	4.8154	7.11276
0.0291703	0.741815	0.947059	1.98602	1.88335	3.08733	3.98568	3.80746	5.05486	7.68689
0.00036306	0.783924	1.25427	1.76612	2.54989	2.65554	4.73597	3.08714	4.63416	7.29233
0.852441	1.11827	1.72123	2.43577	2.182	2.74075	3.62356	4.93815	4.35871	7.6383
0.121068	0.737125	1.04963	2.08346	2.48535	4.00786	3.83925	4.1693	4.68216	7.91622
0.123509	0.477632	1.52596	1.82288	2.1075	2.95242	3.14912	4.26627	5.64571	8.25813
0.538107	1.36456	1.86953	1.12695	2.77779	3.41245	3.16535	4.15102	4.78105	7.99571
0.234583	1.22008	1.40225	1.79481	2.20924	2.85268	4.51867	4.70093	3.98935	7.70714
0.373507	0.853333	1.33559	2.63841	2.79582	2.85493	3.46299	4.5723	5.10711	7.79638
0.0335116	1.19483	1.48866	2.26983	2.69004	3.031	3.79882	4.51999	4.45183	8.10466
0.236504	1.13034	0.879358	1.8676	3.19395	3.42191	3.15713	4.15328	4.727	7.97632
0.322122	1.22525	1.36576	2.06669	2.78293	2.88651	3.59375	4.75363	3.56879	8.79829
0.360709	0.507958	1.81745	1.92065	2.22172	2.73672	3.55688	4.04573	4.88248	8.0775
0.00290561	1.36811	1.7419	2.20197	2.56082	3.15797	3.78943	4.0069	4.4394	8.55897
0.0522593	0.699529	1.40776	1.92805	1.73667	2.6068	3.40749	4.27811	5.21378	7.44164
0.0887359	0.334099	1.30121	1.99937	1.94883	2.84205	3.03779	4.2228	5.48688	9.35787
0.512954	1.36901	0.99018	1.81316	2.37374	3.29295	3.33675	3.93355	4.43388	7.89598
0.23393	0.972489	1.38775	1.73515	1.58659	3.01825	4.19855	4.06186	4.55062	7.74699
0.0401958	1.06349	1.14	1.77536	2.39553	3.32822	3.92889	3.75278	4.90219	7.79552
0.637708	0.27161	1.63082	1.99615	1.58471	2.71492	3.58726	4.00549	4.60265	7.92917
0.24519	0.553597	1.44452	1.75405	2.55984	3.77451	4.00365	4.29417	4.59484	8.95103
0.0754339	0.869598	1.22302	2.09128	2.19811	3.08456	2.9653	4.62122	4.06545	8.76852
0.585229	0.27416	1.62967	1.9535	2.53361	2.98727	3.38202	3.94785	5.53308	7.4203
0.363662	0.329487	0.944471	2.39866	2.89197	3.90397	4.31537	4.32992	4.37194	7.55533
0.0420043	1.14912	1.07511	1.67963	2.68709	3.07367	3.58271	3.66641	3.83252	7.92597
0.023088	1.18868	1.56329	2.51847	2.17174	2.95472	3.95837	4.1814	4.55477	7.92429
0.770047	0.78553	1.30373	1.58572	2.35179	2.69796	3.19428	4.63662	4.98732	7.85678
0.19735	0.942697	1.61443	2.33122	2.03687	3.30929	3.69847	4.79025	4.89041	8.91221
0.0370321	0.721063	1.3272	2.23476	3.08253	3.06192	3.47621	4.14676	4.37732	8.00404
0.102312	1.12622	1.61306	2.44552	3.06253	3.12894	3.24653	4.00312	4.27397	8.57101
0.0242834	0.963822	1.4695	1.54299	2.07561	3.59222	3.48077	3.97042	4.62211	8.02184
0.339819	0.410421	0.844418	2.01874	3.02476	3.43382	3.72455	4.02128	5.50352	6.52752
0.314425	0.92448	1.1288	2.36405	2.67023	3.14305	3.60288	4.604	5.63108	7.5438
0.901523	1.55305	1.2825	1.84413	2.74939	3.17642	3.24467	4.15452	5.37916	7.38024
0.00226164	0.207539	1.10197	1.73225	3.14928	3.11284	3.16747	3.59811	4.70812	8.33778
0.736823	0.666969	2.08355	1.56437	2.26849	3.06054	4.36265	3.20988	3.94009	8.43069
0.288073	0.887065	1.33961	2.14879	2.79004	3.39921	3.58804	4.50367	5.38817	7.96649
0.584731	0.972414	1.20767	2.0241	2.09411	2.77234	2.10528	3.46547	5.0144	9.20585
0.815831	0.807562	1.67618	2.11082	2.42507	2.43232	3.69846	3.56798	4.82879	8.2703
0.0917308	0.811116	1.13148	1.95432	2.20613	2.95123	3.4496	4.46734	4.74265	8.13025
0.711925	1.31274	0.914815	2.12795	2.86007	3.22684	4.40888	3.54455	4.17297	7.05646
0.293764	0.352492	1.58411	1.95552	2.06306	3.3877	4.2473	4.67475	5.13419	7.61725
0.891224	0.608509	1.47324	2.08852	2.15068	2.84301	3.96095	4.10969	4.82913	7.98283
0.192443	0.427228	0.789432	1.96625	2.74396	3.26243	3.92484	4.06896	4.42072	7.95306
0.0225944	1.21318	1.48977	1.43374	2.49202	3.50699	3.83977	4.59251	4.80649	7.40117
0.696144	0.90566	0.80436	2.25564	2.71405	3.58449	3.52268	3.53437	4.81976	7.87754
0.564041	0.372848	1.62384	2.14097	2.21596	3.53723	4.07624	3.38968	4.66419	8.99083
0.414718	0.609453	1.19209	2.16378	2.81839	2.7495	4.02339	4.13655	4.29581	9.44148
0.204536	0.423367	1.53206	2.04873	2.15378	2.69342	3.48709	3.83748	4.92892	8.85716
0.00868293	0.370187	1.89157	1.84362	1.91106	2.99059	3.35355	4.39466	5.07896	7.76241
0.209262	1.56106	0.701655	1.5687	2.89806	2.74767	4.31487	3.90395	4.78864	6.2601
0.633378	0.894294	1.32074	2.35582	2.35074	2.81844	3.71015	4.74464	4.24483	8.1693
0.0112191	0.701218	1.15338	2.04507	1.60177	2.28566	3.29913	4.03093	4.68784	8.46418
0.295624	0.806073	1.537	1.54366	2.87637	2.61746	3.68767	3.53021	4.98513	7.8005
0.576925	0.872512	0.976079	1.55173	2.09595	3.08309	3.68223	4.48205	5.14181	9.16367
0.879486	1.7509	1.82949	2.4492	2.77188	3.07592	3.22159	3.46935	5.06977	8.6362
0.526619	0.584536	1.26512	1.87693	2.2295	3.58768	4.11275	3.96528	5.38273	8.73203
0.21788	1.18341	1.66283	2.87566	2.57226	2.88689	2.76393	4.75378	5.29535	8.6216
0.118338	1.64001	1.22516	1.66372	2.56311	2.1239	3.66166	4.39305	5.38411	7.66614
0.144555	0.198248	0.842454	2.24317	3.07107	2.35427	3.44805	4.01791	4.92036	7.82915
0.955208	0.568509	1.64586	1.85776	2.61051	3.02578	3.04385	4.19718	5.058	8.48592
0.063843	1.11405	1.26039	1.77516	2.52902	2.85078	3.36196	3.5471	4.93244	8.3131
0.0153241	1.14279	1.24024	2.05307	2.08575	3.04911	3.42059	3.50501	4.53822	8.04157
0.862725	0.867101	2.17485	2.25571	1.9809	3.08778	3.29687	3.81776	5.22107	7.75458
0.0307505	1.45099	0.93445	2.09295	2.81791	2.54305	3.6	3.50004	4.69991	8.83167
0.162612	0.551672	0.540689	1.74951	2.21339	2.80432	3.33528	3.74015	4.40919	8.10757
0.027121	1.6468	1.86591	1.86539	2.10654	2.2991	3.26434	3.9078	5.48723	8.41897
0.497997	1.01935	0.925655	1.38073	3.59078	2.55403	3.75746	3.71835	4.91687	8.4632
0.583704	1.05963	1.3561	1.94258	2.7604	2.44436	3.88065	3.92419	4.73735	7.97792
0.827164	1.53014	1.43961	1.47772	2.12264	2.82424	3.72229	3.76507	4.73078	7.73321
0.843783	0.971759	1.49136	1.54124	2.44352	3.01548	3.42486	4.94488	5.17363	8.01586
0.0259605	0.923702	1.49478	1.71193	1.98147	2.63925	3.71976	3.86516	4.57736	8.15019
0.98489	0.578678	1.49622	2.44724	3.03317	3.19543	3.63036	4.60904	4.97481	8.41436
0.325702	0.567114	0.677083	1.98388	2.60766	3.17959	3.91109	4.6597	4.27391	8.50525
0.153029	0.46845	0.692948	1.612	2.4829	3.56404	3.211	3.68453	4.60191	8.5948
0.0401718	0.959416	1.23931	1.35951	2.59106	2.99939	3.6171	4.10728	4.5629	8.1959
0.00835465	0.459504	1.26566	1.99912	1.88811	3.24568	3.09352	3.72318	4.9046	7.67673
0.993179	0.660814	1.2026	2.63437	2.5531	2.25818	4.29925	4.27105	4.25264	7.61205
0.38347	0.979341	2.09352	1.34714	2.6478	3.27456	3.76648	3.84813	5.27351	8.136
0.0475617	1.45348	2.02139	1.94651	2.59153	2.97516	4.011	4.5658	3.88879	7.88885
1.95982e-05	0.851892	1.19756	2.04078	2.46571	3.57719	3.38925	3.57021	4.66264	7.53687
0.445475	1.04786	1.18699	2.73233	2.56148	2.67946	2.95046	4.38441	5.08325	8.2325
0.828919	0.66749	0.809615	2.72983	2.12991	2.92483	3.14471	3.95355	5.08795	8.10734
0.0533077	1.56181	1.26699	1.69659	2.28702	2.79206	3.98516	3.55727	4.70235	8.66194
0.0065319	1.15546	1.14894	1.71605	2.34659	2.93791	3.5998	3.86913	5.08496	7.82691
0.88198	0.842655	1.45025	1.87259	3.10233	3.26801	4.07939	3.82111	5.24094	9.43108
0.0548625	0.663816	1.01619	2.08231	2.72521	2.87262	3.68958	3.84594	4.25577	9.05027
0.172085	0.896197	0.819315	2.10959	2.35961	2.94797	4.22796	4.33212	4.95149	7.82387
0.356518	0.382248	1.61251	1.86091	2.26122	3.04087	3.59961	3.99857	4.8187	7.41171
0.488547	1.02503	1.54771	2.02884	2.52903	3.02816	3.16014	3.98273	4.34894	8.01869
0.423204	0.45653	1.25415	2.14252	3.15724	3.11209	3.76135	4.23196	5.00287	7.90791
0.183605	0.544762	1.38007	2.13607	2.2311	2.83105	4.20231	4.75142	4.87538	8.45914
0.0296685	0.661193	1.19508	1.29908	2.80887	2.7942	3.46759	3.65553	4.76929	8.37593
0.0841903	0.465926	1.37922	2.03896	2.12878	2.81051	3.81243	3.9837	4.24768	8.15345
0.0943896	0.386158	1.27324	2.07945	2.63516	3.04484	3.41425	4.44668	4.62573	7.71274
0.338577	0.363278	1.33967	1.97183	2.27407	3.29012	2.90374	4.18423	4.32125	8.62828
0.403162	0.825132	1.10414	2.28542	1.61495	3.62757	3.45034	4.32585	4.78024	7.64855
0.102351	1.24707	1.55654	1.69501	2.01077	2.38237	3.65112	4.14628	5.01282	7.96991
0.0404605	0.714897	1.61971	2.00965	2.27541	3.2752	3.58211	3.80304	4.17935	7.35794
0.00782481	1.87995	1.34628	2.29075	2.22421	3.0109	3.2049	4.14714	5.16939	8.60624
0.0177772	1.12174	1.26898	0.838668	2.83291	2.58738	4.19507	3.88237	4.75848	7.45182
0.00763939	1.38233	1.53518	1.17195	2.97042	3.03802	3.09463	4.00435	4.62057	8.59568
0.784786	1.23832	1.24674	2.83217	2.74579	3.14057	3.48865	4.93175	4.54444	8.64258
0.201362	0.626589	0.69928	1.64027	2.67973	3.6457	3.51949	3.84958	3.89078	8.58369
0.504799	0.794962	1.21992	2.28012	2.18963	2.86364	4.29714	4.3484	5.11793	8.83181
0.448665	1.24046	1.24998	2.5226	1.93831	2.72641	3.56108	4.46003	4.37914	8.32979
0.00101757	1.20567	1.31054	1.39227	2.17704	2.88034	3.76193	4.64712	4.52088	8.34906
0.349829	0.666477	1.13108	1.96467	2.55645	2.93123	3.67936	4.55345	5.56888	7.76495
0.00727507	0.492248	1.41794	1.65726	2.33162	2.33981	3.77357	4.24569	5.35049	7.6503
0.389264	1.05805	1.18311	1.88623	2.47897	3.1443	3.20925	4.77577	4.39425	8.92863
0.163952	0.906613	1.64854	1.6585	1.85719	2.93866	3.4333	4.6502	4.8131	8.43599
0.0869758	0.915419	1.1192	1.81664	2.10488	3.37748	3.9554	3.60625	5.23636	7.39767
0.441316	0.987258	1.23323	2.09525	2.71671	3.17466	3.51654	3.68541	4.66557	8.61751
0.0791987	1.13571	1.8347	2.67768	2.14994	3.12485	4.0388	4.33038	3.51377	8.23137
0.0216053	1.11837	1.07035	2.21959	2.02521	3.12761	3.39882	3.71058	4.49377	8.39007
0.103936	1.43866	1.41045	1.99944	3.40317	3.24121	3.60033	3.50247	4.36383	7.5279
0.0420797	0.698305	1.11473	1.74624	2.54259	2.90324	3.69592	4.12246	4.45779	8.03181
0.898481	1.33046	1.39793	1.94907	2.00165	3.55444	3.24401	4.91348	5.25203	7.75584
0.820651	0.930177	0.938353	1.9441	2.0729	2.93332	3.82224	4.154	4.95689	8.73168
0.658329	0.83721	0.847746	2.26493	3.20557	3.12495	4.07027	3.88333	5.00228	7.12017
0.0110326	1.26872	0.716149	1.71491	2.48614	2.65897	3.54325	3.93527	5.38875	8.14021
0.135944	0.854802	1.7265	1.76391	2.17227	3.12537	4.48789	4.34872	5.40186	7.97836
0.584993	0.397166	1.47125	1.96486	3.1607	3.10239	3.45966	3.97545	4.19286	7.62113
0.083608	0.998331	1.46585	1.83405	2.38327	3.01322	3.51068	4.20764	4.02609	7.18049
0.797671	1.20614	1.17159	2.0179	2.14112	3.81492	3.76768	3.66211	4.06973	7.55746
0.233859	0.613385	1.97925	1.61779	2.79694	2.7969	3.87139	4.43997	5.29685	8.97313
0.00325402	1.17559	1.03681	1.69862	2.06353	2.76405	3.20694	3.79248	4.55729	7.59466
0.106056	0.938062	0.579046	1.85232	2.57724	3.06032	4.19608	4.94164	4.63838	8.40969
0.308317	0.194757	1.40509	2.1446	2.28426	3.67202	3.02332	4.13709	4.62821	7.91458
0.305331	1.00583	0.881436	2.34358	1.93491	2.62507	3.39952	4.20963	4.61445	7.95817
0.250457	1.08933	1.36247	1.94757	2.16352	2.84307	3.42454	4.67777	4.20407	8.17605
0.0032128	0.288466	1.43617	1.9245	2.8469	2.93372	3.76805	3.9537	5.01157	8.84067
0.0024229	0.565967	1.47208	1.69278	2.46884	2.77111	2.90403	3.85909	4.66452	7.27557
0.013055	1.76728	1.8765	1.62484	2.06781	3.22973	3.04545	3.73024	4.5627	8.04132
0.428119	1.11998	1.33542	2.10719	3.26755	2.98818	3.90965	5.13538	4.29967	8.38824
0.00216263	1.40209	1.31577	2.03433	1.44961	2.72154	3.29535	4.5845	4.75704	8.22752
0.695233	0.748163	1.35483	1.2876	2.39487	3.22611	3.61861	3.79212	5.26724	8.37994
0.850581	0.928698	0.959252	1.47213	3.31937	2.69014	4.387	3.76025	4.17575	8.01913
0.0800999	0.470383	1.11695	1.53828	2.92887	3.49364	3.74651	4.10699	5.0589	8.19599
0.317414	1.78753	1.98437	2.41339	2.83519	2.93267	4.23232	4.32191	5.26332	8.7738
0.14309	0.841848	1.58968	1.945	2.58017	3.59677	4.01271	4.28211	5.09789	8.21505
0.893838	1.45617	1.62298	1.85232	2.19875	2.68207	3.81319	4.90805	4.29495	8.22132
0.610211	1.11214	1.29527	1.79648	3.0519	2.55949	3.51378	4.97334	4.90102	8.73159
0.771037	1.49401	1.75084	2.33275	2.20503	2.0826	4.11239	4.2079	4.41188	7.30358
0.996556	1.12124	1.44936	2.28782	2.1056	2.80062	2.73061	4.00952	4.79333	7.67648
0.0544961	1.09546	1.68065	2.48905	3.46477	2.99131	3.22503	3.65412	4.34129	7.18874
0.019372	0.874262	1.02905	2.65649	2.93636	3.82867	2.91297	4.41445	4.67852	8.04273
0.308048	0.739444	1.51141	1.8274	2.57944	3.12778	4.17848	4.1762	5.48823	8.08806
0.0555619	0.607617	0.890495	2.72858	2.02118	2.47787	2.95694	3.83616	4.58805	8.19704
0.00905102	0.914416	1.54157	1.99517	2.89087	3.08041	3.75733	4.59022	4.10596	7.36315
0.73212	0.322403	1.19138	1.92121	2.24207	2.70365	4.18724	4.4587	4.80875	8.71186
0.122909	0.943873	0.94957	1.75718	2.61383	3.18459	4.1206	4.5483	5.25388	8.81249
0.0865948	0.720114	1.10755	1.09202	2.62565	3.80587	3.70468	3.98555	4.6748	8.27585
0.255222	1.59458	1.55824	1.9782	2.70522	3.02494	4.40448	4.35	4.49326	7.72683
0.0254895	1.02976	1.28737	2.03572	2.56626	3.35766	3.69376	4.71269	4.41457	7.53565
0.865754	1.0764	1.58958	2.46989	2.88559	3.57154	3.2692	4.61368	4.21819	8.19876
0.241883	1.09826	1.80922	1.60911	2.77446	3.53592	3.58782	3.58288	4.81245	7.76469
0.267903	0.848052	1.63425	2.30695	2.53155	3.20016	3.56039	4.1693	4.94832	7.82192
0.44862	1.2613	1.3715	1.48394	2.74376	3.05045	3.54272	4.82893	4.65789	7.63405
0.00107168	0.891771	1.08783	2.71895	2.13304	2.4656	3.43877	3.81995	5.48978	7.77458
0.110178	1.09696	1.64937	2.28393	3.09941	2.60815	3.58707	4.3624	4.68988	6.8652
0.669457	1.01081	1.31611	2.10273	2.5055	2.74249	3.2974	3.96472	4.72634	8.37907
0.645213	1.1987	1.98661	1.52884	2.3472	3.34816	3.71181	3.98757	4.78999	7.81011
0.177966	1.45898	1.20743	2.64013	2.13878	3.1738	3.77803	4.08621	4.92785	7.8937
0.555387	1.22413	1.24487	2.17635	2.26971	2.97045	3.13599	4.3258	4.77069	7.56444
0.419857	0.383008	1.6958	1.93715	2.88126	2.73186	3.51975	4.12196	4.02434	6.945
0.226893	1.17958	2.06233	2.21718	2.90565	2.51574	3.51183	4.01783	4.56585	7.52081
0.0757687	0.824366	1.71483	1.7486	2.74314	3.4775	3.76299	4.34789	4.99226	7.71499
0.0237457	0.570905	0.983034	1.57684	2.69188	2.90061	3.55522	4.27166	4.15105	8.36421
0.216204	0.926908	1.69025	2.67605	1.59129	3.30575	2.84207	3.81194	4.79242	8.03
0.454009	0.419807	1.71707	1.73365	1.8544	3.51824	3.94549	4.18097	5.12221	7.71052
0.691423	1.24013	1.62631	1.69503	3.53504	2.96187	3.67865	4.55152	4.80452	8.60014
0.0733196	0.519383	1.18538	1.19281	2.89772	2.87086	3.52984	3.57219	5.34543	7.94782
0.257019	0.912164	1.02659	2.52077	2.24584	2.44176	3.94789	4.3536	4.89683	7.77924
0.380753	0.198225	2.42619	1.53363	2.53416	3.19749	3.56586	4.29092	4.71168	8.42784
0.0242795	1.44761	1.22754	1.80185	2.71759	3.69945	4.74611	4.44375	4.97625	7.83595
0.155397	0.867477	1.28475	1.62188	2.03847	3.25574	3.65007	3.74991	4.6812	7.57739
0.0858889	1.53043	1.82767	2.00868	2.64412	2.94769	3.5378	4.88435	4.36323	8.02441
0.992982	0.950851	1.99967	2.32782	2.55729	3.21711	3.60215	3.81248	4.89051	9.18561
0.00176674	1.46718	1.58461	2.58429	2.73616	2.46641	3.56855	4.03516	5.14114	7.7771
0.95979	1.43034	0.763888	1.55756	2.05986	3.18516	3.14401	3.96136	4.43508	7.92832
0.982197	0.908686	0.996504	1.91811	2.3509	3.28885	3.85096	4.22465	5.433	8.07486
0.065614	0.95844	1.94268	2.15707	2.55766	3.42355	3.89333	4.05893	4.92785	8.57875
0.150881	0.875271	0.782643	1.97692	2.3813	3.46787	3.33988	4.00587	4.92023	7.07164
0.284227	1.05038	2.08774	2.0123	2.21206	3.5989	3.02993	3.55456	4.26247	7.86758
0.00869665	0.355901	1.32816	1.6166	3.03699	2.39087	3.30483	3.9839	4.59399	8.11444
0.116338	0.959042	1.59487	1.59171	2.69044	2.41597	3.45601	4.32284	4.79484	7.9653
0.656681	0.931202	1.34537	1.34303	2.81564	3.5959	3.12198	4.26201	5.38067	9.18988
0.130236	1.05448	1.63042	1.70617	2.34675	3.23841	3.83678	4.73477	4.92411	8.08681
0.655574	0.837534	1.42345	1.4245	2.97273	2.9364	3.12914	3.58982	3.61292	8.4384
0.980256	1.06232	1.46516	2.04406	2.28	3.04957	3.17082	4.00402	5.74937	7.04241
0.0820335	1.04624	1.62903	1.6603	2.81025	3.05315	3.09933	4.31874	5.25347	8.1842
0.153252	0.382796	1.88908	1.22942	2.35064	2.87726	3.91297	4.2857	4.88222	7.97497
0.183092	0.593257	1.32209	1.76946	2.69488	3.28031	3.67991	4.02537	5.20938	7.07705
0.00199459	0.561868	1.33665	1.53282	2.54166	2.76183	3.67884	4.31205	4.6165	7.62711
0.0157284	1.61707	0.91591	2.17295	2.53132	2.83807	3.52878	4.07737	4.63758	8.04388
0.033627	0.857981	1.10802	1.43726	2.37061	3.00992	3.39539	4.49512	4.79211	8.20028
0.616307	1.10224	1.49151	2.47084	2.67047	2.50043	3.65945	4.36406	4.89268	7.12601
0.00519968	1.23165	1.54175	1.94998	2.25985	2.56928	3.4229	4.63568	4.64833	8.72157
0.291116	0.473724	1.75881	1.82121	2.30514	2.83373	4.34036	3.86013	4.79411	7.55091
0.99925	0.403356	1.25066	2.01894	2.18035	3.25426	4.14959	4.66803	4.76263	9.55301
0.216397	0.362413	1.67384	2.14805	2.02476	3.97742	3.6072	3.18723	5.3243	8.28226
0.436729	0.544931	1.52088	1.7339	2.25768	3.05849	3.73551	4.24843	4.08097	7.83107
0.758457	1.36636	1.33502	0.971663	1.88774	3.03581	3.22011	3.89762	4.60063	8.35581
0.0206822	0.351053	1.18892	1.94122	2.8238	2.81786	3.15066	4.34292	4.52485	9.02461
0.601771	0.56159	1.90842	2.46006	2.81523	3.20708	3.46407	3.52496	5.02671	7.62027
0.202578	0.886218	2.03852	1.85468	2.79339	3.28889	3.2789	4.37497	4.43169	7.76279
0.09925	1.26665	1.13833	1.91426	2.81929	2.1258	3.41336	4.1038	4.40308	8.34112
0.146965	1.59583	1.28697	2.29318	3.03686	2.47555	3.48352	4.4974	5.48679	8.39884
0.0719779	0.873299	1.13477	1.84329	2.55956	2.95515	4.21381	3.88112	4.36614	8.212
0.306674	1.34634	2.10082	2.35918	1.90461	3.20934	3.11649	4.52882	4.58228	7.58713
0.910079	0.482824	1.05847	2.42263	2.25509	3.10047	2.85826	4.56081	5.13859	6.97776
0.766562	1.12584	1.07614	1.91451	3.29365	2.55951	3.22128	4.85009	5.07044	8.79275
0.865844	0.865018	1.05041	2.0663	1.77593	2.40456	3.15423	4.01477	4.92724	7.77662
0.721853	0.728018	1.59702	1.59733	1.54346	2.90019	3.41657	4.21874	4.33644	7.79444
0.0320661	0.342938	1.30789	2.3252	2.46059	2.7157	2.93153	3.90775	5.17541	8.86223
0.487155	0.524852	1.77056	1.44788	2.08048	3.21873	4.28194	4.15455	4.85711	7.73602
0.107555	1.27338	1.61334	2.831	1.70382	2.85393	3.6001	4.17151	4.54645	7.43182
0.749503	0.850777	1.13032	1.53417	2.69989	3.22851	3.9868	3.95996	5.03135	8.43804
0.247871	0.76912	1.13505	2.5204	2.3287	2.72717	3.37684	4.63188	4.93796	8.39845
0.883038	1.21079	2.29427	1.48548	2.52525	3.02116	3.64534	4.35727	4.99019	7.32681
0.745744	0.245559	1.32542	2.38193	2.42438	2.83548	3.46902	4.60125	5.09968	7.91031
0.284441	1.12325	1.38489	1.85393	2.54606	2.99582	3.05718	3.44596	4.73354	9.82252
0.177193	0.601071	1.20536	1.12468	2.56186	3.17035	3.72075	3.55977	5.25135	7.46997
0.86657	1.1978	0.860098	2.31298	2.92193	2.47907	3.38483	4.42697	4.83467	8.97747
0.0153418	0.93694	0.812599	2.14495	1.85455	2.42811	3.71708	4.18267	4.34361	8.81738
0.864506	0.598416	1.46879	2.0034	2.65875	2.85096	4.11923	4.23873	4.64125	7.89012
0.367035	1.89046	1.51792	1.88274	2.21851	3.01416	3.62934	4.03547	4.53013	8.35339
0.423747	0.602268	0.642831	2.03032	2.46272	3.13156	4.45129	4.65515	4.74825	8.39391
0.0158076	0.715915	0.802045	1.87754	2.5619	2.90045	3.83707	3.53044	5.60383	8.51457
0.0384894	0.686066	0.626902	1.27829	2.78158	2.63122	3.22159	3.42668	4.62879	8.33554
0.251264	0.785273	1.66968	1.64784	2.62697	3.0371	2.8038	4.29722	5.57264	7.84219
0.563014	1.26313	1.1491	1.71381	1.9679	3.12771	3.35916	4.63374	5.73751	7.70194
0.447726	1.44192	1.74139	1.95214	2.01916	2.64067	3.66548	3.57652	4.77267	8.42561
0.24357	1.02273	2.12975	1.95453	1.75255	3.16657	4.0686	4.04002	4.10527	8.02951
0.517704	0.751553	1.28543	2.20646	2.38831	2.422	3.59222	4.36803	4.65914	8.51195
0.193491	1.37002	0.865363	1.52116	3.60834	3.23416	3.88557	4.01029	5.55659	8.45747
0.792299	0.980552	1.06651	1.96897	2.21423	3.3321	3.29943	4.76257	3.81596	8.11644
0.32097	0.758204	1.10285	1.76123	1.84157	3.32926	3.55193	4.56558	4.7893	7.71099
0.0581874	1.00543	1.48236	2.14781	2.12148	3.05405	3.90249	4.84306	5.50378	7.98089
0.235421	0.800226	1.71067	2.0297	2.40292	2.79563	3.40725	4.54653	5.03249	7.45843
0.154467	1.20109	1.2005	1.91212	3.13589	2.96935	4.185	3.71522	4.76114	8.60876
0.143593	1.25949	1.53066	1.96366	1.89441	2.92143	3.94446	4.10572	4.61742	7.57986
0.334608	1.3341	1.36949	1.70959	2.55247	2.96496	3.60159	4.19999	4.44464	7.36486
0.296899	1.31009	1.04106	2.4362	2.35465	2.94028	2.9769	4.20924	5.46152	9.4264
0.00798383	1.26486	1.51847	1.49403	2.1285	3.20757	3.91269	3.89322	4.98073	8.15316
0.0312613	0.951565	1.56333	2.38719	2.82804	3.05119	3.415	4.35519	4.89389	8.20562
0.4213	0.210705	1.29879	2.50429	2.36698	3.18333	3.58151	4.21827	4.23392	7.61357
0.128915	0.475724	1.39437	2.11163	2.48907	2.62444	4.02255	4.35572	5.71672	8.57947
0.375308	0.389881	1.14401	2.17869	2.52658	2.80226	3.64304	3.54516	4.85312	7.91864
0.254494	0.873808	1.57499	1.84503	3.04586	3.97261	3.50723	3.63333	4.71283	7.63804
0.724067	1.30394	1.72252	1.47222	2.52318	3.50001	3.35673	3.73863	4.77473	7.64028
0.884137	1.00941	0.937119	1.82441	2.54629	2.59656	2.98126	4.33317	5.90986	7.6233
0.00700681	1.45662	1.95738	1.91198	2.35535	3.80909	3.98689	3.78847	4.44611	7.82155
0.748602	1.36032	1.10453	2.41323	2.60449	3.37126	3.944	4.67508	4.28976	8.17415
0.899015	0.80411	1.92904	1.88936	2.84784	3.20038	3.16708	3.50576	4.26435	8.16046
0.0526768	1.05794	1.11342	2.5336	2.49759	3.32244	3.73447	4.41088	5.56554	6.6909
0.960674	1.07748	1.79389	2.27892	2.52204	3.42504	3.20718	5.23015	5.02737	8.55195
0.392381	1.17713	2.08099	2.04866	2.29683	2.7401	3.39792	4.49884	4.78183	7.89525
0.459989	0.868958	0.971341	1.3288	2.66068	3.19762	3.55216	3.6611	5.46666	7.82077
0.0676921	1.49461	1.45333	1.78136	1.82758	2.99285	3.11705	4.04666	4.06164	8.29794
0.00647079	0.529718	1.51983	1.72236	2.29475	2.47799	4.7028	4.04701	5.11693	8.17294
0.00144227	0.958718	1.49266	2.40488	2.56671	3.00323	3.86447	4.29823	4.82213	7.86912
0.0249563	0.955984	1.37295	1.72266	2.49902	2.82152	3.81292	4.984	5.05543	8.72203
0.27353	0.229859	1.67528	2.12391	2.90062	2.67228	3.84497	3.82823	5.36982	8.03523
0.895635	0.574664	1.65735	2.09251	3.17729	2.64903	2.87911	4.50141	4.03815	8.03473
0.00681815	1.42026	0.834835	1.09778	2.67058	3.01364	3.42008	3.69724	5.47163	7.99608
0.186864	1.31719	1.42785	2.02264	2.93646	2.07672	4.14034	4.45868	5.07511	7.79031
0.463439	0.658166	1.33228	1.78375	2.07636	2.46861	3.6946	4.13913	4.90964	8.0088
0.233158	1.26907	1.01204	1.79578	1.75553	3.24803	3.4632	3.59821	4.19772	8.11852
0.0167085	1.26415	1.549	2.28836	2.49911	3.14851	4.06642	4.06067	4.63614	8.70707
0.0403355	1.14811	1.04925	2.21375	2.65448	2.68315	3.04758	3.81556	4.4662	6.91625
0.440946	0.818134	1.39639	2.10992	2.54008	2.94231	3.80843	4.51257	4.69498	8.06539
0.0405769	0.67462	1.85174	1.68596	2.65628	2.07166	3.91628	4.24631	5.32157	7.73878
0.00433855	0.758597	1.40548	1.42683	2.26812	2.88323	3.54148	3.64246	4.79285	8.89849
0.474481	0.670084	1.19228	1.85597	1.75168	3.40823	3.31477	4.34656	4.899	8.36833
0.870179	0.745895	0.847575	2.82174	2.42187	2.98094	4.02254	4.12932	5.07413	8.43147
0.180819	0.525866	1.45127	2.17712	2.38828	3.11602	3.45911	3.49481	4.74927	7.44132
0.940067	0.648273	1.23939	2.09821	2.11374	2.46697	3.86584	4.03148	4.49393	8.68848
0.238335	0.479949	1.30557	1.64627	2.48597	2.80511	3.96729	4.55907	5.07891	8.39145
0.258287	1.62052	1.36002	1.99029	2.51531	3.03155	3.10046	4.26274	4.17912	7.91865
0.828483	0.27347	1.01268	2.08492	2.3263	3.18229	3.3131	3.76807	5.77715	7.56499
0.995271	0.798741	1.30673	1.14252	2.70452	3.80546	3.83104	3.91969	5.16162	8.32446
0.00521031	0.724373	1.52863	2.77376	2.37854	3.24449	3.71498	3.77289	5.784	8.18496
0.265939	0.531598	1.51758	1.87075	2.18291	2.63388	3.50838	3.4024	4.14609	7.77566
0.0404768	0.433411	1.36984	1.72575	2.31897	2.76535	3.99323	4.59426	4.40305	8.42566
0.58863	0.670527	1.33527	1.80733	1.86481	2.53698	3.86367	4.2651	4.13982	8.5193
0.0234303	0.419064	1.17064	2.06595	2.89385	2.70475	3.70207	3.86337	5.57362	8.81911
0.993023	1.5543	1.23512	1.98951	2.13744	3.35661	3.81254	4.55359	4.81522	8.42247
0.166084	1.50665	1.33195	1.52718	3.49967	2.5419	3.76053	3.27892	4.58928	7.41801
0.565578	0.10156	1.4524	2.62523	2.73273	3.06914	3.92778	4.77517	4.45446	8.12008
0.975086	0.853327	1.56053	1.6055	2.41919	3.07323	3.56756	4.0582	4.82424	7.1288
0.908449	0.809252	1.48396	2.66552	3.27833	3.53664	3.10758	3.53407	5.37207	8.64469
0.173152	0.660831	1.29997	1.70384	2.21759	2.5451	3.87855	3.72725	5.86409	8.12083
0.123927	0.995448	1.31784	1.6179	2.87939	3.17015	3.67153	4.19904	5.29175	9.28886
0.04367	1.22962	1.17417	1.66381	2.77808	2.52798	3.18121	4.3309	4.45313	8.1702
0.137205	0.930299	1.62424	1.76683	2.43185	3.27016	2.84062	4.66962	4.15407	8.67248
0.458542	0.652704	1.55831	1.84104	3.11627	3.03977	3.23968	4.0467	4.58986	8.01447
0.0905135	0.675607	1.26907	1.73716	2.59912	2.99901	4.08989	4.09704	4.4285	7.92527
0.127397	0.77403	1.14898	2.3735	2.8141	3.41757	3.72166	5.0263	4.34757	7.94031
0.588024	0.565469	1.21624	2.48515	2.20301	2.61864	3.07703	3.86465	4.71256	7.53757
0.992516	1.02274	1.3428	2.08836	2.99439	3.53909	3.94731	3.78896	4.5928	8.88308
0.594337	0.658474	0.985658	1.47943	1.80213	3.03089	3.33561	4.33068	3.96514	8.08496
0.381328	0.832061	1.34633	1.78651	2.49889	3.3042	3.29356	3.97624	4.9027	7.48746
0.127242	1.417	1.31378	2.10545	2.70255	3.6538	3.74411	4.01567	6.08156	7.65654
0.91248	0.695896	1.56919	1.88729	2.13129	2.39101	3.54518	4.00927	4.6238	7.93103
9.95953e-06	0.618934	1.22318	1.8742	2.97507	2.89267	4.11612	4.44336	3.98974	8.60807
0.233942	0.580558	1.22856	2.18698	2.44905	2.53234	3.46204	3.39329	4.22013	7.80228
0.0574669	1.73983	1.1572	1.95822	2.52032	3.41916	3.87175	4.00907	4.81709	7.83289
0.350866	1.1373	1.05195	2.09511	2.53747	3.77789	3.74093	4.75371	4.56588	8.0218
0.0161679	1.14944	1.77618	1.99178	2.52813	3.14498	3.47245	4.03696	5.29577	7.88033
0.998396	0.333204	1.37947	2.78816	2.50654	3.26846	3.29951	4.32845	5.42768	8.52344
0.014815	0.606504	1.38994	1.54985	2.54797	3.30671	3.40045	3.97432	4.87297	8.54332
0.966687	2.08009	1.59526	1.96024	2.12987	3.09979	3.39305	4.30506	4.29842	9.01655
0.259768	0.831311	1.52407	2.4103	2.48745	2.81943	3.52666	4.29648	4.66286	8.07665
0.0319856	0.879647	1.86314	2.03887	2.43372	3.37613	4.05881	4.11501	5.05407	7.27464
0.881512	0.900876	1.74851	1.85177	2.4801	2.69157	3.42235	3.71734	4.55818	7.42058
0.0883282	0.693135	1.38158	2.03083	2.32284	2.58973	3.89226	3.92596	3.95737	7.92618
0.00307153	1.03352	1.14845	2.15783	1.86118	2.83455	3.79138	4.1873	5.24291	7.91352
0.990236	0.965378	1.50747	1.81769	2.18626	2.65467	3.87012	4.50034	5.35982	9.13112
0.0141769	0.898705	1.22142	1.53353	2.69633	2.70538	4.16882	4.5243	4.51945	8.36655
0.00477431	0.497958	1.61715	1.81288	2.48514	2.79735	3.35352	4.27445	4.56067	8.57862
0.3432	1.33101	0.996054	1.95277	2.39942	3.84514	3.69861	3.59264	4.63107	9.01114
0.0947852	1.21629	1.25076	1.29934	1.87138	2.68238	3.00068	3.95104	5.11299	8.37903
0.504871	0.865517	0.996634	1.88579	2.07421	3.71296	3.90122	3.78391	4.86837	9.10558
0.327007	1.13258	1.02201	1.86353	2.22982	2.42792	3.81888	4.3572	4.39491	8.34213
0.129981	1.18332	1.06223	1.91599	2.65596	2.48739	3.66006	4.73012	4.31265	7.83796
0.197143	0.980914	1.47123	1.92266	2.65746	3.40485	3.12664	4.28308	5.42477	8.83469
0.886365	1.52263	1.865	1.80671	3.25497	2.9567	3.74278	3.88627	4.59619	7.71657
0.0513422	1.44235	1.06714	1.46823	2.36706	3.41849	3.41941	3.84493	4.85975	7.92291
0.653469	0.993617	1.31727	1.64124	2.2101	3.21168	3.08039	3.84447	4.76927	7.61471
0.0165633	0.688254	1.34933	1.81119	3.01532	2.89033	3.51803	4.21918	4.32211	8.27764
0.0152904	0.48234	1.32702	1.55066	2.7131	3.09857	4.30465	4.2629	5.03224	8.64363
0.732205	1.43527	1.47086	2.29137	1.88339	2.97326	3.33268	3.83848	4.72496	8.7181
0.267643	0.599495	1.47284	1.48825	1.94044	2.58018	3.23329	4.19076	4.55653	7.55784
0.0245377	1.15415	1.41455	1.73027	1.74037	3.4886	3.09335	3.48495	4.49625	8.01638
0.0727842	0.446899	0.939373	2.57105	2.56641	3.06298	3.2046	4.35222	4.1634	8.66949
0.225677	0.534308	1.34177	2.55584	1.51368	3.43047	3.74771	3.81645	5.36904	8.11959
0.342949	0.931917	1.53636	1.52337	2.09861	2.87096	3.58756	3.93548	5.2562	9.01305
0.0215316	1.25645	1.40282	2.10775	2.80256	2.64049	3.34061	3.75208	4.54967	8.19836
0.952371	0.316458	1.43913	1.66508	2.18357	3.39362	3.16067	3.78122	4.46943	7.88513
0.294963	0.817512	1.26705	2.10753	2.24568	2.83442	4.23038	4.40277	4.77093	8.35462
0.611127	0.488498	1.11196	2.41992	1.96563	3.39745	3.59636	4.08589	4.71818	7.00541
0.0114467	1.69337	0.933719	2.41358	3.10799	2.97489	3.45414	4.20312	4.63924	8.45755
0.632527	0.372697	1.39486	1.48772	3.03414	3.58769	3.12292	4.21446	5.11779	7.77117
0.0421833	0.325841	1.54498	1.64905	2.41737	3.57001	3.24115	4.2624	4.83819	7.56733
0.0166862	1.93034	1.51285	2.16459	3.01505	3.27379	4.0495	3.92839	4.72657	7.74319
0.904533	0.488158	2.18977	1.98078	2.1818	2.25885	3.92047	4.7033	5.38524	7.75702
0.156788	0.707817	1.22058	1.67873	3.30693	3.56157	2.79818	3.95798	5.74576	7.47922
0.761978	1.3035	1.81619	2.34523	2.49065	2.78693	3.26951	4.20826	4.38847	9.10295
0.697003	0.766917	1.04116	2.14009	2.72626	2.8558	3.68842	3.76352	4.46944	7.69443
0.113172	0.821167	1.35433	2.41391	3.14823	3.5853	4.78719	5.55443	3.91407	7.92771
0.274724	1.15832	1.31469	2.63237	2.50434	2.72048	3.28514	3.81396	4.5467	8.47498
0.401099	0.855775	1.7848	1.96526	2.29115	3.34328	3.06415	4.60399	5.0543	7.9935
0.856656	0.246676	0.753873	1.73549	2.86091	2.66002	4.20332	4.12747	4.84775	8.97226
0.0121085	0.392022	1.69877	2.12224	2.74473	2.54368	3.52012	2.91602	4.27092	8.35941
0.58776	1.38472	1.32727	2.14045	2.50971	3.87942	3.91626	4.30311	4.86727	8.35962
0.759598	1.32412	1.88618	1.7735	2.55132	2.68671	3.30122	3.73509	5.13956	8.27931
0.651005	0.790535	1.36272	2.11208	2.1082	2.59612	3.6857	4.20433	4.85704	8.35346
0.0687644	0.683351	0.387218	1.6861	2.52671	2.92305	3.33315	3.78298	5.49544	8.5621
0.00276915	1.3301	1.16008	1.37922	2.15298	2.51268	3.86171	4.27417	4.46395	6.98952
0.278842	0.837911	1.62685	1.58062	2.45108	3.43603	3.30683	4.34882	4.71177	8.28726
0.339598	0.975884	1.02275	1.464	3.40236	3.08968	2.86896	3.77872	4.50911	7.73947
0.459678	0.619528	0.941247	1.65666	2.25391	4.06277	3.55132	3.90318	4.6299	8.07888
0.741677	0.351697	1.32407	2.33972	2.68877	3.59192	3.12532	3.80837	4.55205	8.05139
0.777847	0.458342	1.69764	0.97002	2.69709	2.71054	3.63475	4.34966	4.72277	8.84621
0.000125992	0.405783	1.62021	2.14839	1.83449	2.84405	2.43259	4.47548	5.52008	7.28657
0.0279937	0.539754	1.62751	1.67119	2.12912	2.58603	3.55179	3.4409	4.83035	7.96299
0.0325882	0.839952	0.947621	2.03019	2.94559	2.81495	3.61995	3.95775	5.14346	8.33252
0.0187336	0.953025	1.25843	2.18468	2.49889	2.82649	3.71704	3.77194	4.61852	8.53332
0.101366	0.186492	1.25869	2.27171	2.51818	2.67391	3.3164	4.52782	5.56316	8.91313
0.902366	0.527206	1.24139	1.76704	2.20514	2.93645	3.52875	3.42795	4.48013	7.57533
0.00664692	0.934099	1.46389	2.22615	2.48147	3.03698	3.39443	4.61171	4.48384	7.62101
0.990037	1.18657	1.21843	2.48768	2.0141	3.19432	3.60869	4.81508	4.32419	8.68752
0.00127054	1.4884	1.26684	1.78574	3.01915	2.94792	3.58895	3.94338	5.33059	7.7282
0.39448	0.614824	1.20704	1.98628	2.59665	2.97288	4.06407	4.2508	5.15762	7.43581
0.77847	0.893484	1.59401	2.45425	2.52491	2.77141	3.91329	4.32861	5.04764	8.00861
0.0116566	1.01194	1.58007	1.64227	2.13211	3.5945	3.49075	4.27457	4.64018	8.22422
0.717639	0.680892	1.86043	2.12755	2.2371	3.10229	4.03687	4.0288	5.3306	7.90181
0.311759	0.488268	1.52854	1.96011	1.94869	3.91932	3.33455	4.27019	4.47067	8.13106
0.995354	1.12771	1.30102	1.59719	2.73388	2.42745	4.10595	3.79698	4.5553	7.48641
0.64727	1.66287	0.679348	1.82047	1.91808	3.66331	3.77321	3.72545	4.76536	8.083
0.0263452	1.02748	1.77855	1.82043	2.54164	3.60142	3.25393	4.0044	4.29429	8.61678
0.0710205	0.997824	1.0012	1.99092	2.38318	3.13388	3.52941	4.67985	4.33835	7.74588
0.847048	0.986707	1.66932	2.00102	2.42925	2.94727	3.70007	3.44879	5.14708	7.18515
0.249653	0.362582	1.28918	1.66291	2.69154	3.24196	4.50554	4.24683	4.69162	7.8109
0.0127571	0.572868	1.70967	1.86544	2.68585	2.3955	3.11378	4.21415	4.47076	8.03653
0.0270698	0.349614	1.54222	2.25933	2.15018	2.64675	3.41507	4.14661	4.41723	7.85578
0.639235	0.78381	1.77301	1.84016	2.34319	3.57897	3.54464	4.23523	4.99678	8.02432
0.9111	0.825908	1.27791	1.48341	2.50458	2.76645	3.35532	4.50911	4.83136	8.56474
0.00600255	0.860679	0.930079	1.90948	2.72465	3.00068	3.49516	4.72627	4.87895	7.28252
0.135292	1.07974	1.5928	1.81143	2.01083	3.74456	3.31866	4.12706	4.82307	7.92186
0.048318	1.34615	1.50549	2.37425	2.29192	3.33618	2.92365	4.35599	4.26757	8.95184
0.513675	0.8314	0.96038	1.78767	3.02774	2.32049	4.07459	4.40387	3.91342	8.17547
0.179802	1.45925	1.5798	2.50187	3.33622	2.63247	3.59832	4.74338	4.24217	7.46923
0.521367	0.314121	1.28183	2.12734	2.61268	2.80211	4.01667	4.06713	4.37746	7.90871
0.619519	0.376636	1.8288	1.82764	2.05557	2.95328	3.46208	3.73925	5.65004	7.62279
0.00128476	0.320287	0.884591	1.70124	2.74562	3.57248	3.37301	4.53281	4.9434	9.00546
0.00219145	0.858533	1.17191	1.96178	3.60739	3.54001	4.44745	4.12577	5.20555	7.48913
0.156218	1.36031	1.63887	1.64547	3.49671	2.08728	4.21042	2.95162	4.26969	7.76442
0.119032	1.42475	1.71405	1.81303	2.37152	3.19327	3.97461	5.19473	4.193	8.52618
0.00288032	0.989975	1.16436	1.99845	2.05374	2.95757	2.90619	4.35841	4.69167	8.64302
0.408444	0.575117	1.38752	2.40814	2.53498	2.63184	3.40375	3.84221	4.22727	8.3179
0.655712	0.558085	1.6753	1.65597	2.40297	2.75519	3.66484	3.30385	5.10884	7.79325
0.144121	1.01873	0.991294	2.48208	2.62481	3.55976	3.46105	4.01856	4.80532	9.82475
0.963523	0.841197	1.24886	2.3181	2.33535	3.31779	3.73024	3.72037	4.5151	8.73011
0.188351	1.05397	1.79455	2.35571	2.3602	2.73084	3.50795	4.29047	4.6894	8.55217
0.0675133	1.21532	1.37737	1.63259	2.73629	3.18826	4.07776	4.99189	4.66875	8.63814
0.0816154	1.02566	0.985252	1.18774	2.26417	2.92145	4.22619	4.35952	4.08744	8.79183
0.0711888	1.04535	1.26865	1.76866	2.59363	3.49483	3.71648	3.8243	5.20854	8.13099
0.0787732	1.34637	0.567415	1.46398	2.9203	3.25556	3.7858	3.75468	4.57674	8.75577
0.408893	0.508454	2.18771	1.84508	1.89229	3.60586	4.2353	4.09901	4.70528	8.0401
0.926443	1.29491	1.4875	2.47027	1.99403	3.10568	2.88592	4.16082	5.18874	8.22931
0.599987	1.98108	0.791606	1.73591	3.15657	3.20962	3.8938	4.68832	4.91441	7.19468
0.87117	0.150754	1.60599	2.73323	2.94414	2.68865	3.72967	3.81952	4.63416	8.62016
0.116606	0.534257	1.49805	2.14094	2.5475	3.55474	3.58558	4.39899	4.87761	8.26549
0.0555671	0.488015	1.58299	1.5975	2.73385	2.57073	3.99219	4.26496	3.7252	7.34542
0.14764	0.762604	1.35052	1.54689	2.48807	2.70982	3.20664	4.11975	3.57697	8.39955
0.597221	0.386826	1.1198	1.79461	2.22673	3.63179	3.7366	3.72934	4.88991	7.12048
0.735751	1.19545	1.37043	1.81851	2.7153	2.96545	3.59619	4.05144	5.02367	7.66118
0.59882	0.772261	0.720506	2.38926	2.04014	3.23202	3.30185	3.62445	4.40917	7.93776
0.509395	1.10415	1.27393	1.83206	2.59643	2.48179	4.26887	4.16094	3.79248	7.95805
0.278225	1.33824	0.841447	2.02804	2.85274	3.00102	4.06295	3.88917	4.7687	8.26795
0.398346	1.5287	1.08847	1.85498	2.63744	3.44923	4.01224	3.69455	5.05178	8.32347
0.0329283	1.45685	1.32678	1.994	2.55746	2.48185	3.81303	4.52229	4.91734	8.74456
0.0478963	0.929719	0.750478	2.38681	2.71563	2.97319	3.98528	3.89779	4.74393	7.88136
0.0807789	0.389315	1.78201	1.69187	1.99024	3.01428	3.42375	3.83884	5.09128	7.82743
0.0244707	0.485936	1.56674	1.44805	2.12841	2.39975	3.55986	4.21039	4.63586	6.66842
0.878136	0.393326	1.80915	1.22859	2.79889	2.6713	3.74537	4.81653	4.82388	8.88311
0.63318	0.977653	1.51374	1.97764	2.29464	2.75005	3.02963	4.32895	5.01168	8.44037
0.582777	0.581407	0.750443	2.16033	3.11113	3.53908	3.58433	3.76989	4.71699	7.37957
0.666988	1.11067	1.9366	1.69306	2.49174	2.50567	4.04652	4.3332	5.62872	8.61477
0.0586753	0.389255	1.66974	2.06763	2.46698	2.25888	3.67367	4.18649	4.69896	8.07241
0.902406	1.24877	1.0855	1.18217	2.46289	2.81602	3.76686	4.61036	4.90776	7.48373
0.0810904	0.690659	1.33754	1.81465	2.30037	2.96409	3.83443	4.00419	4.90668	7.26795
0.000963714	0.215482	1.72166	1.92855	2.68315	4.12148	3.30729	4.16226	4.89068	7.28093
0.603331	0.82384	1.30674	2.13563	2.90754	2.93725	3.86232	4.10061	4.76827	8.16975
0.654038	1.25505	0.916544	1.61403	2.92647	2.8026	3.51574	4.26125	4.61274	8.88142
0.147158	0.789056	1.14419	1.5094	2.0968	3.17195	3.92611	4.41762	4.76862	8.84487
0.211643	0.329014	0.86095	1.45594	2.03597	3.64682	3.59323	4.38711	4.40549	8.28126
0.914822	0.135051	0.762653	1.5939	1.8625	3.25246	3.63999	4.45821	4.71594	7.65976
0.160824	1.78131	0.984408	2.01914	2.88478	3.09632	4.25525	3.97475	4.80497	8.95663
0.221758	0.914252	0.741005	1.62738	1.90492	2.82444	3.46339	4.60539	5.05818	8.20207
0.93955	1.00137	1.46984	1.31689	2.49833	3.4549	4.06045	3.94439	4.98891	7.85157
0.184083	0.994701	1.20155	1.73719	3.67037	2.99771	3.49757	4.57952	5.20512	7.71193
0.0375204	0.889445	1.41571	1.79036	2.60134	3.3313	3.42509	4.38961	5.45076	7.70273
0.000584638	0.547266	1.49187	1.18319	3.31858	2.79025	4.01223	3.51775	5.42582	7.70847
0.22722	0.660258	1.2714	1.82597	2.36506	3.19381	3.49812	3.8028	4.2278	9.02431
0.352387	0.943111	1.39948	1.96554	2.25759	3.28673	3.47356	4.81512	4.84109	8.50802
0.0937008	1.24468	1.40486	2.04512	2.04101	3.01032	3.52464	4.50989	5.01662	8.45479
0.205417	0.215678	1.04145	1.81512	1.90941	2.87869	3.25964	4.29366	4.74551	8.79402
0.0119071	0.666251	2.05274	2.37189	2.64249	3.1938	3.31823	4.26923	4.26147	7.72999
0.00978932	0.768592	1.21924	1.95515	3.14347	2.55423	3.18943	3.49914	4.24941	7.09731
0.0121296	1.07723	1.45146	2.21962	1.908	2.32593	3.70275	5.01577	5.00392	7.37939
0.783732	0.769607	1.48943	1.74504	2.08503	2.94803	4.28107	3.43764	5.07687	7.77403
0.191126	1.07709	1.28563	2.11864	2.38102	2.45914	3.68787	3.92106	4.55939	7.66929
0.359907	0.431868	0.836698	1.57691	2.61328	3.6057	3.54982	4.8361	5.10932	7.47291
0.42487	1.07383	1.6266	1.8108	2.86902	3.37382	3.68257	4.59455	4.59112	7.91339
0.0332132	0.57997	1.20116	1.60318	2.67488	2.63261	4.00954	4.54171	4.30566	8.53423
0.221052	1.40312	2.03468	2.23608	2.67371	3.34041	3.63867	3.42899	4.51892	7.01445
0.432531	0.81029	1.57676	2.27748	2.03203	2.45224	3.42536	3.38463	5.11184	8.2722
0.0186985	0.534476	1.27544	2.10978	2.78168	2.46919	4.51679	3.58501	4.69932	7.6575
0.00597184	0.884214	1.02724	2.51035	2.80496	3.12344	4.12467	3.85541	4.72245	7.69525
0.445659	1.11759	1.13043	2.19232	2.59582	3.09242	3.43886	3.63666	4.93886	8.21594
0.702308	0.571614	1.72289	2.52195	2.89262	3.10347	3.67575	3.97695	5.57694	7.71267
0.203208	0.986283	0.682174	1.1857	2.70272	2.81605	4.29632	4.68749	5.00674	7.99025
0.152092	0.476086	1.48092	1.62747	2.10698	3.19871	4.43798	4.35257	5.08368	7.95844
0.947825	0.612273	0.830133	2.74229	3.04131	2.97119	3.08556	3.39359	4.88948	7.41967
0.871088	1.38545	1.35075	1.83587	2.41397	3.34342	3.12372	4.05438	5.77219	8.17422
0.296476	1.26697	1.2127	2.11032	1.99395	2.63758	3.30084	4.58946	5.03589	7.35269
0.111534	0.301501	1.33663	1.70458	2.64066	2.20456	2.59094	3.86478	4.5845	7.67222
0.0595572	1.11415	1.40723	1.7747	2.49691	3.1995	3.76838	3.67156	4.27289	7.42453
0.746646	0.535423	1.84698	1.6916	3.02616	3.07984	3.38722	4.1073	4.12792	8.48264
0.048246	0.447105	1.10372	1.61321	2.60886	2.90223	3.50637	4.58774	4.46554	7.85617
0.444744	1.14881	1.16669	2.18073	2.76558	3.51762	2.75168	4.28412	4.59164	7.60595
0.568884	1.70061	1.35315	1.94287	2.87382	3.53088	3.4854	3.17081	4.65256	8.82861
0.741013	0.635238	1.13956	1.79588	2.10972	2.78819	4.26466	4.06147	4.98016	8.58583
0.0498013	1.05464	1.4222	1.60707	2.08101	3.34157	3.26212	3.83681	4.74386	8.02477
0.606114	0.111327	1.22273	2.52402	2.96189	2.34752	4.33487	4.02438	4.47341	8.7625
0.018061	1.08243	1.47037	1.71953	2.20562	2.73051	3.87921	3.62539	5.10467	7.64847
0.864763	1.54811	1.42254	2.38599	2.70256	2.41661	3.49394	4.02539	5.45639	8.89362
0.521155	0.993923	1.18924	1.23684	2.91107	3.28048	3.04105	5.01825	4.56297	8.05394
0.0346774	0.68685	1.15147	2.16613	1.84354	2.6409	4.25741	3.91173	4.68859	9.19151
0.460315	1.30173	2.16061	2.26629	2.27184	3.03334	3.54108	3.95169	3.85266	7.73044
0.379619	0.912587	1.21751	2.9711	2.87057	3.55873	4.50168	4.09115	5.90773	8.71318
0.893773	0.599017	0.975646	2.15679	1.68336	2.82899	4.02038	4.21698	5.34951	7.61571
0.375621	1.18132	0.789192	2.0376	2.4863	2.8166	3.23238	4.22221	4.27259	8.7513
3.49054e-06	1.56706	1.06269	2.40772	1.92423	3.00789	3.42084	3.4934	4.85638	9.06745
0.577361	0.657678	2.03962	1.50577	2.20281	2.78204	3.74766	4.10754	4.74374	8.95241
0.11845	0.801841	1.1892	2.05846	2.23315	2.83494	3.45139	4.18802	5.1135	9.54692
0.0496889	1.05867	0.801672	2.45615	2.2709	2.96705	3.42216	3.77966	4.03423	8.11336
0.101199	0.77896	1.359	1.64904	2.34944	3.5471	3.73313	3.67069	4.69259	8.68305
0.960888	1.37302	1.46561	2.64918	3.05868	3.30516	2.93717	3.95175	3.9711	8.38305
0.377788	0.493847	1.15596	1.76719	2.96526	3.82644	3.99154	3.40667	4.44937	7.64883
0.236255	1.13063	1.55521	1.78865	2.68329	3.65949	3.64898	4.11778	4.63785	7.65812
0.197748	1.89981	1.08381	1.6296	2.78004	2.65111	3.36089	4.07259	4.34741	7.8949
0.430382	0.885317	1.52795	1.52351	2.26565	3.02056	3.73339	3.67425	5.02318	8.21598
0.0919316	0.965671	1.13291	1.7649	2.8629	2.47497	3.13766	4.60903	4.57518	8.69407
0.0037553	1.37754	1.62203	1.57665	2.48226	2.65254	3.40231	4.02492	4.65193	7.72039
0.0192832	1.21701	0.826505	2.02259	2.22089	3.22927	2.90022	4.51637	4.94993	8.06247
0.505959	1.28548	1.14042	1.97343	2.43244	2.11237	3.0882	4.21866	3.99714	7.51038
0.00110618	1.71315	1.82151	1.82762	2.5824	3.06216	4.05769	4.49696	4.31845	7.94835
0.751139	0.908145	1.61448	2.30558	2.76339	2.66599	3.02286	4.08593	4.74844	8.32972
0.266591	0.384043	1.96832	2.64541	2.4367	2.83931	3.36603	4.02343	5.21102	7.95494
0.120819	0.649791	1.23311	1.91314	2.79081	2.98485	2.9492	3.77647	4.71451	7.83432
0.06893	0.966389	1.14419	2.11915	2.65532	2.78746	4.43627	3.52561	4.33629	8.16352
0.159849	1.6283	1.28442	2.29082	3.07891	2.93485	3.83085	3.83601	4.70979	8.48006
0.254346	0.573386	0.906174	1.75745	1.92687	3.01607	3.79628	4.07457	5.53264	8.69191
0.0249829	1.1265	0.869612	1.31905	2.23659	3.61029	3.22098	3.597	4.7656	8.6397
0.575729	0.777799	1.48995	1.10107	2.84073	2.93557	3.4361	3.61031	5.39324	7.68457
0.00989279	0.505226	1.09031	2.4164	1.96146	3.25819	3.31375	4.47336	4.65153	8.94989
0.0922223	0.805401	1.35471	1.80069	3.38731	3.4007	3.30718	4.08892	5.38322	7.7198
0.0363237	0.659609	1.5412	2.00531	2.90247	3.02507	3.58141	4.77463	4.81547	8.3419
0.646624	1.07421	1.09465	1.66033	1.71278	2.97126	4.3252	4.01666	4.39417	7.52984
0.52467	1.11848	1.65566	2.23926	2.09829	3.00187	3.5967	4.35643	5.66038	7.66442
0.174191	0.93051	2.06217	1.97461	2.29816	3.38748	3.03546	3.99991	4.38828	7.74502
0.134201	0.477319	1.63008	1.31832	2.0218	3.30772	3.87576	4.03596	4.37942	7.5034
0.0156478	0.867424	1.04907	2.05384	2.76312	3.61138	3.35064	4.00165	4.62401	7.70234
0.354251	0.512765	2.01673	1.90309	2.56028	3.37349	3.26858	4.22341	3.70387	7.29811
0.283871	1.70136	1.44204	2.33746	2.55761	2.50968	4.19632	3.41267	4.18989	7.77983
0.368552	1.02388	1.98395	2.60527	1.73421	3.3421	3.58025	4.13674	4.3156	8.06356
0.230464	0.733771	1.13907	2.03117	2.35719	3.38209	4.06396	5.02132	4.43445	8.48472
0.689984	0.919784	1.07089	1.43507	2.70398	2.8214	3.41564	4.17476	4.77588	6.93582
0.140382	0.489851	1.33316	2.64125	3.11927	3.10628	3.7598	4.19058	5.224	7.96855
0.0708644	1.2416	1.76908	2.06892	3.47854	2.55395	4.02968	3.8232	5.89094	8.1995
0.566875	0.956798	1.81643	1.9462	2.57547	4.12021	2.90319	3.78934	4.60487	7.77263
0.676934	0.72751	1.03278	1.56108	2.30486	3.55338	3.23811	4.41761	4.77919	7.71146
0.442171	0.99697	1.69279	1.26152	2.01898	3.04014	3.62207	4.30917	3.6975	8.83289
0.021895	0.497863	1.24437	1.91858	3.24453	3.20002	3.06352	4.39942	4.84363	7.61759
0.466426	1.19171	0.713508	1.85614	2.6267	3.40078	3.38688	4.13585	4.53304	7.76997
0.726475	1.15374	1.03069	2.02069	2.90591	2.98338	3.72188	4.5795	5.5852	8.31686
0.189053	0.693638	0.949955	2.23613	2.1985	2.71599	3.42075	4.00883	4.91563	8.54208
0.0124431	0.348688	0.58469	2.35304	2.63964	3.10539	3.56914	4.54003	4.20675	8.34539
0.666392	0.42185	0.212367	2.67605	2.51314	3.81002	3.32039	4.27536	4.50578	8.62218
0.342726	0.484732	1.5131	1.3927	2.61199	3.14609	3.45246	4.11756	4.27206	7.82815
0.0334053	1.32444	1.57761	2.33154	2.51359	2.7036	4.11735	3.70941	5.19907	7.71346
0.0937578	1.00371	1.10623	2.14745	2.44274	3.2631	3.78009	4.24177	4.49579	8.30272
0.299565	0.568527	0.860893	2.32159	2.78559	3.25442	3.00863	4.31319	5.01662	7.36103
0.281648	0.47846	1.42347	2.11001	1.86043	2.77503	3.5432	3.75198	4.57024	7.33551
0.644597	0.269812	1.60045	1.91985	2.99824	3.44043	3.39642	4.25166	4.77043	8.28299
0.410544	0.522752	1.26723	2.1685	2.34104	2.62547	3.74158	4.05411	4.60247	8.05109
0.00223536	0.312205	1.61399	2.39643	2.35994	2.44334	3.77944	3.98253	4.59886	8.869
0.847474	0.774445	1.20951	1.26642	2.04462	2.59656	3.92666	4.01208	3.87668	7.95053
1.36387e-05	1.09561	1.29271	2.47138	2.26778	3.1287	3.56105	4.08891	4.93859	8.76198
0.0557509	0.953402	1.56579	1.46097	2.10639	4.00152	3.90368	4.09833	4.35595	8.3098
0.806314	0.608852	1.07135	1.4801	2.221	2.71315	3.72426	4.14873	4.89168	7.67083
0.323947	0.57226	1.46093	1.86995	2.58497	2.96984	3.75402	3.23403	4.68452	8.30261
0.50131	0.759363	0.732828	2.77407	2.75526	3.20924	4.14835	5.09255	4.89658	8.38105
0.280256	0.840562	1.32947	2.87715	2.94223	3.15159	2.92837	4.44287	5.054	8.19202
0.244295	0.673027	1.87112	2.38071	2.49355	2.86424	4.0183	4.41873	4.40473	7.48014
0.117577	1.07255	1.90333	1.46665	2.50958	3.33483	3.46445	3.76454	5.33836	8.00002
0.0485737	1.13465	1.47203	2.55159	2.68057	2.90645	3.88351	4.30118	4.36807	7.68993
0.311527	0.421394	1.43861	2.16008	2.57517	3.86569	3.36173	3.63752	5.59885	8.67676
0.145818	0.780388	1.7544	2.27475	2.99498	2.89987	3.251	4.34537	4.96185	7.47143
0.271415	1.0325	0.766308	1.42845	1.98531	3.22286	3.33906	3.95538	5.26683	8.70779
0.0310778	1.52969	0.835896	2.06667	2.61114	3.09681	3.42305	3.72135	4.29126	9.34552
0.297788	0.241229	1.18468	2.04385	2.86058	3.16869	3.49795	5.29144	4.81581	8.00778
0.304811	1.31948	0.850318	1.84789	2.03624	3.01805	3.58669	4.44034	3.97426	7.73433
0.995872	0.968601	1.68221	1.4038	2.09883	3.40763	4.58193	4.08165	4.29234	7.21402
0.0729269	1.00396	1.29705	2.00846	2.76504	2.76513	3.51956	4.53201	5.11797	8.90707
0.04393	1.26252	1.74766	2.07075	2.19854	2.84776	4.13889	3.36839	4.24974	8.48139
0.186503	0.47575	0.977184	1.71893	2.29614	3.79406	4.48673	4.22432	5.4372	9.02896
