0.150861	0.0994873	0.452951	0.329332	0.583617	0.611976	0.48725	0.623258	0.126405	-6.43204
0.0994896	0.380192	0.287533	0.0150255	0.571783	0.220054	0.353095	0.728707	0.438016	-6.55465
0.084254	0.124952	0.285451	0.0255036	0.26344	0.621083	0.520647	0.809359	0.21908	-4.02677
0.0932879	0.0690343	0.261514	0.321489	0.350935	-0.233299	0.519995	0.687489	-0.0606695	-8.04998
2.68248e-05	0.415738	0.31894	-0.219063	0.694191	0.288228	0.720275	0.468652	0.114113	-5.02724
2.92372e-05	0.14798	0.341823	0.0439433	0.364791	0.512907	0.708916	0.623313	0.425488	-3.46516
0.0599065	0.121688	0.432473	0.361062	0.706785	0.620486	0.275487	0.803999	0.217507	-5.60611
0.00928695	0.307643	0.304589	0.58825	0.221917	-0.120235	0.207107	0.687419	0.0670445	-5.09019
0.248936	0.343826	0.311459	0.53674	0.424711	0.899862	0.432029	0.302902	1.03643	-4.72347
0.162535	0.375824	0.246312	0.3391	0.458193	0.681025	0.422937	0.265472	0.568746	-3.17255
0.159092	0.312145	0.274003	0.624927	0.547089	0.515034	0.44292	0.701703	0.750375	-5.33057
0.175338	0.256707	0.185728	0.338445	0.657312	0.233405	0.827314	0.467307	0.365462	-4.54313
0.0446518	0.288322	0.30988	0.538026	0.225101	0.836283	0.134365	0.908222	0.448835	-3.83042
0.0768468	0.320232	0.356274	-0.242384	0.445652	0.659596	0.959299	0.660857	0.0710673	-4.6243
0.231011	0.387369	0.419335	0.372862	0.46134	0.348084	0.602894	0.623264	0.198648	-2.89794
0.0140468	-0.132564	0.36709	0.0566443	0.475802	0.505398	0.641237	0.570281	0.517162	-5.57332
0.236205	-0.860906	0.481848	0.0611056	0.558834	0.357055	0.617851	0.483241	0.506199	-3.47115
0.0361829	-0.0997748	-0.0930244	0.349287	0.118431	0.547186	0.472162	0.430224	0.418257	-3.619
0.115644	-0.0340946	0.20747	0.454745	0.190162	0.318502	-0.123558	0.82169	0.746098	-5.41305
0.248164	0.479788	0.315552	0.38985	0.531228	0.495897	0.560022	0.457277	0.554768	-1.86728
0.0644382	0.282424	0.318229	0.256972	-0.0347293	0.692561	0.823009	0.662414	0.850248	-6.69466
0.11118	0.0364385	0.343701	0.175764	0.350812	0.0970038	0.184577	0.158712	0.477115	-6.14665
0.136078	0.0133659	0.279075	-0.338761	0.622279	0.625248	0.702551	0.349777	0.57296	-5.32981
0.141472	0.374719	0.437022	0.284649	0.521499	0.786361	0.360233	0.230868	0.746652	-3.28658
0.0495582	-0.0365212	0.523586	0.413673	0.745306	0.76574	-0.0316355	0.366968	0.897342	-4.12432
0.249713	0.147273	0.227665	0.587653	0.513382	0.742582	0.508719	0.990434	0.32046	-5.36352
0.176416	0.281452	0.55595	0.559465	0.577955	0.538607	0.820427	0.375363	0.177516	-5.49972
0.0546482	0.0637783	0.357405	0.466486	0.395567	0.313953	0.854168	0.865213	1.01642	-4.92938
0.0087063	0.350059	0.459497	0.625655	0.573199	0.55353	0.721234	0.459331	0.544971	-4.59762
0.188307	0.00430623	0.155404	0.136554	0.443968	0.472271	0.774304	0.673469	0.149577	-6.82007
0.235713	0.377161	0.112063	0.0648178	0.325429	0.452741	0.584705	0.650235	0.36861	-5.76355
0.165349	-0.0143497	0.162706	0.469495	0.515926	0.760456	0.50874	0.503649	0.873468	-5.23672
0.000721073	0.240374	0.0620281	0.188215	0.478445	0.471297	0.878556	0.541118	0.364715	-6.09532
0.188655	0.184284	-0.0528316	0.460154	0.180755	0.868989	0.402302	0.339174	0.188124	-4.93808
0.134374	0.279709	0.541658	0.147969	0.610525	0.597895	0.466392	0.966372	0.267616	-7.1196
0.218339	0.368643	0.42782	0.289221	0.339744	0.242747	0.827903	0.360591	0.842253	-5.44783
0.154627	0.327007	0.363993	0.724527	0.187996	0.456259	0.866088	0.568258	0.784783	-5.69595
0.234638	-0.0370614	0.402322	0.161182	0.327239	0.389333	0.614128	0.66152	0.828939	-5.26652
0.0486452	-0.04907	0.53298	0.625548	0.305158	0.708759	0.7921	0.575186	0.395948	-6.97722
0.0852755	0.216876	0.116896	0.303387	0.908322	-0.070039	0.694581	0.471198	0.711623	-5.11116
0.00125564	0.266806	0.376351	0.452031	0.715657	0.775738	0.0418346	0.569536	0.6141	-4.20499
0.246767	0.218221	0.456615	0.679836	0.32584	0.353365	0.481676	0.882362	0.799205	-6.54442
0.19196	0.31121	0.353907	0.250062	0.617495	0.616154	0.0585631	0.501697	0.428371	-5.59924
0.0982724	0.152363	0.341971	0.422675	0.387085	0.47355	0.446385	0.633208	0.970889	-5.72356
0.00678956	0.179237	0.104245	0.535745	0.480705	0.247195	0.218643	0.84378	0.613126	-2.80665
0.0656301	0.369915	0.345292	0.571254	0.370757	0.509493	0.704655	0.580015	0.788277	-2.91582
0.00345636	0.0573974	0.450196	0.29411	0.597073	0.46875	0.186165	0.5991	0.187126	-5.63276
0.246531	0.0521885	0.364327	0.462423	0.527017	0.29527	0.42861	0.804422	0.350397	-4.83508
0.159598	-0.14662	0.358972	0.706363	0.387546	0.754754	0.871971	0.66211	-0.170047	-4.59789
0.00421047	-0.257606	0.335813	0.332557	0.630664	0.244709	0.917448	0.76499	0.0224042	-4.0437
0.0429448	-0.0867324	0.363269	0.340038	0.551361	0.646809	0.751364	0.933726	0.992065	-2.78486
0.13385	0.315597	0.575011	0.243766	0.433841	0.547587	0.511039	0.600598	0.529427	-4.9433
0.0262016	0.127772	0.471907	0.24208	0.707244	0.521373	0.493602	0.818491	0.301293	-4.61666
0.235859	0.248828	0.442903	0.495074	0.595034	0.0207446	0.455698	0.19487	0.120482	-2.9029
0.245927	0.329473	0.35271	0.575964	0.235479	0.679707	0.660506	0.578543	0.789678	-4.42875
0.105556	0.248952	0.249765	0.539064	0.707737	0.756104	0.743958	0.136852	0.544779	-3.28466
0.235751	0.185751	0.296171	0.508433	0.789777	0.972951	0.257387	0.764915	0.943677	-7.53788
0.20346	0.284657	0.329521	0.138424	0.317922	0.651974	0.347021	0.349042	0.0250975	-5.45988
0.167876	0.27257	0.209907	0.364797	0.210842	0.633302	0.566181	0.362029	0.696905	-5.51602
0.046609	0.350779	0.47204	0.576959	0.592522	0.574203	0.377479	0.518	0.368387	-6.71957
0.204227	0.16109	0.358141	0.570611	0.69619	0.5458	0.69136	0.58179	0.244591	-4.91029
0.0561952	0.0576399	0.34607	0.494048	0.348728	1.08256	0.334975	0.483565	0.815815	-4.52688
0.229337	0.257002	0.324659	0.067222	0.463974	0.546255	0.62545	0.438106	0.298748	-6.42198
0.00704322	0.450511	0.4652	0.385544	0.853453	0.536608	0.57632	0.487021	0.627652	-5.18014
0.0470192	0.0487764	0.407823	0.338364	0.699921	0.58217	0.424832	0.838321	0.559054	-5.59891
0.217009	0.319737	0.323639	0.604285	0.42254	0.218616	-0.0102568	0.740186	0.620411	-6.3606
0.171455	0.0690227	0.243004	0.4201	0.373226	0.921692	0.33418	0.12337	0.0657635	-4.90481
0.0978305	0.0265629	0.345259	0.462498	0.428956	0.749615	0.288864	0.493768	0.898355	-3.34047
0.111032	0.285695	0.358537	0.627484	0.810864	0.601851	0.487892	0.58164	0.668262	-6.48098
0.14435	0.396349	0.365072	0.217522	0.442015	0.198208	0.310277	0.930642	0.594385	-4.81452
0.213672	0.371978	0.450915	0.177858	0.444307	0.837647	0.426568	0.463257	0.421141	-5.58849
0.220136	0.269909	0.380946	-0.154076	0.17317	0.681007	0.423425	0.515202	0.605021	-5.64714
0.221099	0.29448	0.198735	0.576286	0.629597	0.723245	0.670964	0.371301	0.0995677	-6.63287
0.170953	-0.101743	0.34779	0.571514	0.637016	0.324084	0.603699	0.996508	0.369839	-6.55938
0.14787	0.396104	0.0625743	0.61324	0.0972829	0.657087	0.37647	0.627593	0.178397	-5.69956
0.248683	0.265214	0.444257	0.126564	0.346145	0.577536	0.601341	0.334326	0.658226	-5.10939
0.248554	0.274513	0.404482	0.250642	0.544459	0.394929	0.390724	0.267374	0.591967	-5.79707
0.185989	0.257917	0.42053	0.712284	0.495846	0.601295	0.586776	1.0338	1.26395	-3.88784
0.0543626	0.262559	0.113955	0.612531	0.33202	-0.0886293	0.120796	0.0294414	0.930435	-3.18827
0.0154708	-0.0489175	0.574815	0.298488	0.775498	-0.0270053	0.377189	0.792453	0.573824	-4.65024
0.0148846	-0.00378742	0.107562	0.292775	0.136787	0.503774	0.617164	0.0734732	0.659912	-4.22439
0.0122916	0.256782	0.357764	0.509507	0.615122	0.177444	0.998614	0.515028	0.87759	-4.6823
0.245629	0.349639	0.196993	0.381141	0.121155	0.598649	0.629352	0.465381	0.287062	-2.71777
0.119223	0.44244	0.347089	0.290563	0.649733	0.791473	0.113544	0.475533	0.316387	-4.60167
0.00666462	0.242477	0.343684	0.0726962	-0.0573947	0.193991	0.632427	0.850001	1.07954	-6.90417
0.00561472	-0.156969	0.425378	0.570856	0.681728	0.71732	0.510721	0.528222	0.0815034	-1.58735
0.246544	-0.140498	0.301235	0.595893	0.330681	0.679609	1.05178	0.445969	0.879378	-4.61885
0.200721	0.198719	0.0236476	0.313661	0.303488	0.798266	0.49684	1.00257	-0.0659092	-5.49716
0.00749365	0.257933	0.268647	0.61238	0.39866	0.580465	0.341011	0.997079	0.566172	-7.06965
0.00177468	0.0527907	0.0657788	0.459211	0.648138	0.171447	0.762771	0.57731	-0.0846182	-4.59343
0.180338	0.334816	0.31948	0.525089	0.240337	0.0635844	0.560419	0.263848	0.494503	-3.10522
0.243577	0.236638	0.381301	0.488449	0.471167	0.713116	0.603672	0.383878	0.224425	-4.12619
0.141729	0.378397	0.410866	-0.0197086	0.338811	0.674424	0.397186	0.84293	-0.0871565	-4.78391
0.185632	0.402483	0.322434	0.266096	0.572687	0.57667	0.771167	0.822301	0.483658	-7.30532
0.0415829	0.117887	0.365579	0.423479	0.559976	0.393393	0.715554	0.340637	0.67973	-5.98008
0.199347	0.0460683	0.34143	0.383687	0.428528	0.0763182	0.676397	0.923732	-0.0195771	-5.41073
0.0643633	0.366794	0.357435	0.292401	0.609046	0.545258	0.74843	0.633339	0.735472	-6.37333
0.169425	0.236961	0.488925	0.578814	0.521988	-0.197172	0.80056	0.58574	0.867116	-4.72937
0.00354042	0.234388	0.487219	0.68294	0.524142	0.19267	0.453612	0.797719	0.389701	-4.63869
0.229336	0.338178	0.59552	-0.297007	0.598261	0.453708	0.353247	0.557014	0.181577	-5.52944
0.0699689	-0.0761048	0.27297	0.31794	0.758024	0.761839	0.876942	0.540608	0.550541	-2.35659
0.207745	0.330663	0.217062	0.336314	-0.090305	0.5711	0.845845	0.43738	0.80885	-3.64465
0.203307	0.252276	0.281435	0.409008	0.728633	0.411224	-0.0911207	0.154108	0.783061	-4.59085
0.240737	0.291973	0.338577	0.519347	0.592646	0.353141	0.56111	0.455692	0.324086	-5.76943
0.050218	0.31294	0.439198	0.549703	0.691797	0.156618	0.451857	0.613197	0.746041	-6.11309
0.0135147	0.229108	0.363685	-0.041754	0.606078	0.448692	0.264116	-0.0960957	0.538702	-6.50376
0.221117	0.36212	0.475316	0.553025	0.58464	0.710535	0.680143	0.498676	0.208604	-4.73178
0.229483	0.134387	0.363887	0.457056	0.194464	0.528015	0.236046	0.707291	0.540493	-5.50717
0.148823	0.171858	0.460951	0.484174	0.516998	0.444993	0.658567	0.249547	0.272903	-5.82649
0.0107251	0.244372	0.450239	0.302711	0.587538	0.615755	0.0965394	0.739393	-0.0114817	-4.81271
0.0538937	0.332194	0.29183	0.133342	0.686647	0.194452	0.518813	0.884607	0.599559	-4.19806
0.00528112	0.227212	0.593881	0.186929	0.408382	0.847124	0.705967	0.513459	0.267433	-5.07041
0.00727666	0.259028	0.0599623	0.435005	0.51712	0.768273	0.802199	0.31421	0.154474	-8.01289
0.0263909	0.229365	0.488984	0.563637	0.533113	0.597066	0.506053	0.371845	0.799955	-4.32059
0.0185145	0.360624	0.232917	-0.0812688	0.569882	0.657527	0.690114	0.775302	0.606043	-3.25755
0.197908	0.142427	0.209645	0.25257	0.516087	0.850094	0.140242	0.951543	0.582535	-3.91173
0.0361378	0.430921	0.226541	0.278962	0.595941	0.585258	0.247707	0.717805	0.266603	-5.28477
0.16672	0.198087	0.42083	0.628197	0.0237083	0.554976	0.604066	0.877338	0.461466	-5.53769
0.202736	0.422411	0.361891	0.593394	0.705056	0.707873	0.677298	0.229925	0.467976	-4.14253
0.0814685	0.270648	0.289828	0.274166	0.724678	0.0973527	0.597985	0.478768	0.897676	-4.73596
0.144153	0.344049	0.566633	0.287993	0.544837	0.364717	0.312869	0.719819	0.926861	-4.5882
0.0165133	0.211696	0.265098	0.0911411	0.517982	0.527012	0.464091	0.895089	0.357077	-2.40893
0.0737953	0.27292	0.373988	0.262041	0.47945	0.415163	0.412279	-0.174526	0.612327	-2.78097
0.228694	0.0672254	0.378084	0.629419	0.825593	0.475847	0.517098	0.77355	0.706934	-6.7009
0.197581	0.322563	0.472001	0.499167	0.492611	0.869432	0.433126	0.785522	0.270306	-4.57977
0.247199	0.32551	0.255644	0.374308	0.0526708	0.44903	0.532441	0.113453	0.746293	-4.72476
0.150182	0.0745025	0.331493	0.595545	0.407069	0.373571	0.037425	0.874153	0.826631	-8.75801
0.193699	0.151088	0.279649	0.439059	0.350836	0.701594	0.184335	0.407215	0.694117	-3.5382
0.14026	-0.108122	0.266787	-0.241722	0.477301	0.296802	0.593097	0.446689	1.09069	-5.92416
0.232241	0.156951	0.418721	-0.161686	0.625986	0.648276	0.441339	0.171975	0.520517	-6.03551
0.095836	-0.954035	0.227311	0.317971	0.580695	0.251215	0.60941	0.844924	0.681369	-4.73964
0.134726	0.247971	0.374588	0.547485	0.681152	0.413972	0.33738	0.911841	0.359631	-4.30559
0.11022	0.120272	0.167692	0.38782	0.317389	0.495628	0.465164	0.438393	0.589906	-4.94773
0.236558	0.26527	0.405908	0.240803	0.750564	0.47535	0.466078	0.502252	0.602403	-3.51994
0.00203191	0.0292343	0.337261	0.511054	0.581825	0.46894	0.130889	0.700996	0.275692	-3.85165
0.217394	0.254385	0.430257	0.355601	0.649856	0.64131	0.503145	0.752841	0.498771	-3.65252
0.149218	0.109598	0.397095	0.444717	0.707467	0.193891	-0.189564	0.587699	0.574376	-4.74399
0.0164541	0.276457	0.315407	0.156287	0.578858	0.353106	0.443948	0.554947	0.00254606	-5.52485
0.133402	0.343197	0.438339	0.593747	0.681019	0.568155	0.656345	0.974102	0.482976	-3.99062
0.00565247	0.159572	0.450513	0.287697	0.61778	0.80134	0.496457	0.780104	0.762835	-6.03663
0.086702	-0.159112	0.412027	0.375181	0.315231	0.0228997	0.336691	0.351054	0.572609	-5.0318
0.177412	0.375053	0.0698783	0.556765	0.497286	0.649681	-0.244239	0.611596	0.62102	-3.8714
0.238359	0.301449	0.472477	0.385282	0.595341	0.501824	0.208356	0.635417	0.719288	-3.56836
0.188992	0.28276	0.223237	0.10448	0.273751	0.405695	0.747771	0.822831	0.531957	-3.56942
0.233574	-0.0396469	0.537967	0.611094	0.482474	0.053093	0.296588	0.648927	0.27524	-5.39095
0.232867	0.175863	0.423338	0.196328	0.673491	0.518799	0.355689	0.226015	0.810881	-3.36379
0.230619	0.269503	0.126861	0.613707	0.516173	0.233778	0.733312	0.629222	0.641662	-5.90049
0.244721	0.0423465	0.442299	0.555032	0.647311	0.376024	0.570261	0.841595	0.668764	-6.03157
0.169952	-0.289015	0.443233	0.553367	0.405572	0.414811	0.834034	0.492528	0.515437	-3.2119
0.0709203	-0.0646154	0.439082	0.153341	0.129025	0.413498	0.724693	0.634038	1.2634	-3.98268
0.165067	-0.055535	0.411381	0.485776	0.513818	0.399174	0.503707	0.759382	0.592494	-5.01521
0.00786815	0.369767	0.375469	0.153995	0.380862	0.458298	0.308515	0.529802	0.828341	-4.9935
0.174335	0.360473	0.503716	0.272557	0.423503	0.434799	0.77283	0.647743	0.784222	-4.51
0.0269944	-0.169809	0.300196	0.375689	0.355273	-0.00536326	0.673887	0.511161	-0.0362703	-8.9333
0.231479	0.454736	0.401991	0.167238	0.319279	0.59495	0.479584	0.505207	0.134656	-6.36969
0.178154	0.402904	0.442227	0.56417	0.384908	0.400637	0.17607	0.132254	0.354137	-5.80548
0.2245	0.138177	0.315323	0.342073	0.357114	0.621842	0.591799	0.875431	0.682062	-5.1799
0.247922	0.259254	0.50988	0.106446	0.394078	0.298334	0.581123	0.44618	0.365399	-3.73861
0.229007	0.356135	0.316067	-0.0896413	0.715117	0.37449	0.424812	0.95323	0.33004	-5.89763
0.00121889	-0.0591865	0.428482	0.457681	0.457891	-0.035954	0.476429	0.857885	0.818757	-6.45821
0.248098	0.0914031	-0.0263332	0.353009	0.712218	0.416002	0.120529	0.503621	0.164894	-5.88443
0.238337	0.300986	0.355455	0.422449	0.616567	0.247888	0.388256	0.77008	-0.0877766	-4.92857
0.0046674	0.0486568	0.578534	0.297563	0.526968	0.521405	0.123822	0.942266	0.239521	-2.53326
0.197001	0.171182	0.549234	0.310566	0.625384	0.468276	0.326034	0.348982	0.634828	-4.76244
0.213027	0.32077	0.262452	0.343585	0.576297	0.275259	0.666274	0.220429	0.537325	-3.06587
0.249796	0.454892	0.362434	0.694901	0.388726	0.480042	0.616238	0.624612	0.631641	-6.45275
0.0025721	0.251913	0.466491	0.700999	0.24562	0.443748	0.884161	0.677729	0.729221	-4.7032
0.242974	0.0772892	0.293719	0.478013	0.605571	0.303508	0.582858	0.613632	0.677686	-5.90378
0.0468522	0.2972	0.288428	0.273205	0.511284	0.577132	0.856024	0.449089	0.689471	-4.40936
0.249785	0.128844	0.568011	0.325694	0.382799	0.351914	0.645981	0.728309	0.295163	-6.62101
0.22459	0.0982237	0.354407	0.39621	0.510891	0.699217	0.274566	0.166865	0.868015	-4.06834
8.5313e-05	0.20032	0.366806	0.472637	0.791982	0.159331	0.299855	0.790921	0.449193	-4.37279
0.178878	0.212034	0.325146	0.411258	0.307462	0.805268	0.742192	0.587439	0.619761	-5.68899
0.216389	0.181912	0.242562	0.278828	0.416444	0.715248	-0.118348	-0.173456	0.814277	-5.63698
0.0463587	0.424198	0.411515	0.46953	0.221803	0.0540973	0.696412	0.609858	0.329778	-5.16498
0.052185	-0.137379	0.44458	0.502196	0.483984	0.244763	0.450949	0.221855	0.574686	-4.76923
0.114251	0.280644	0.274519	0.372586	0.399951	0.641611	0.609544	0.721665	0.945714	-6.59631
0.249981	-0.40733	0.336479	0.228685	0.442161	0.728566	0.605592	0.523058	0.64435	-4.83843
0.198322	0.282536	0.262447	0.211953	0.814349	0.171857	0.351456	-0.0183268	0.406241	-6.60425
0.119734	0.305757	0.325111	0.752337	0.537318	0.529431	0.718303	0.302242	0.965166	-4.16215
0.00863574	-0.230565	0.298618	-0.0267781	0.434237	0.760461	0.882875	0.786544	0.734465	-3.35851
0.00806105	0.0273568	0.407007	0.594576	0.527749	0.802958	0.698066	0.860152	0.238426	-4.88606
0.00229371	0.25597	0.329335	0.0204268	0.714092	0.434555	0.723044	0.909227	-0.00220057	-5.24837
0.223168	0.420321	0.177225	0.135528	0.485672	0.722335	0.289406	0.812583	0.655102	-4.77794
0.0889265	0.230527	0.214801	0.650772	0.142472	0.760505	0.267172	0.483131	0.726918	-6.97772
0.0300651	0.256527	0.408887	0.476881	0.0366517	0.54525	0.866754	0.42006	0.329884	-3.95351
0.0967557	0.241912	0.445342	0.367931	0.443647	0.62122	0.920608	0.554954	0.761734	-3.87534
0.116354	0.323348	0.273345	0.296212	0.50764	0.629728	0.510766	0.44092	0.448731	-4.13847
0.138462	0.453645	0.39305	0.323428	0.627085	0.727989	0.699432	0.458988	0.793407	-5.82717
0.0293227	0.301117	0.306067	0.240583	0.387086	0.693334	0.562269	0.546408	0.743576	-5.3984
0.18316	0.264008	0.548885	0.555352	0.492145	0.198494	0.75424	0.911374	0.337531	-5.41865
0.136838	0.346673	0.281626	0.501233	0.561594	0.79763	0.233131	0.468936	0.495306	-7.12665
0.234994	0.269035	0.139252	0.525911	0.21557	0.85785	0.158285	0.548875	0.381393	-5.65686
0.0924661	0.320029	0.27156	0.584429	0.393564	0.578376	0.619688	0.739386	0.881393	-4.23403
0.000289255	0.259314	0.614663	-0.419685	0.275777	0.644608	0.640069	0.760487	0.337208	-3.12533
0.241488	0.343923	0.563448	0.421661	0.383049	0.800007	0.402284	-0.0650758	0.461532	-6.81278
0.131771	-0.707233	0.419496	0.179015	0.389699	0.673014	0.75588	0.773352	0.796218	-6.44827
0.0196414	-0.0227346	0.484142	0.610991	0.287096	0.592053	0.435515	0.185805	-0.0969986	-4.2578
0.00957616	0.318984	0.58533	0.228614	0.218168	0.592544	0.55417	0.474405	0.246184	-7.02773
0.209378	0.294539	-0.103259	0.554412	0.518318	0.0329067	0.829113	0.598622	0.480401	-4.14513
0.237794	0.2012	0.558753	0.41603	0.572181	0.526135	0.126266	0.418405	0.696044	-6.21708
0.167087	-0.0942465	0.413803	0.49607	0.355181	0.701128	0.0215356	0.513326	0.312052	-4.55749
0.220827	0.216517	0.25003	-0.0825168	0.685986	0.0371726	0.500053	0.368903	0.680861	-4.29061
0.181664	0.276315	0.365602	0.262117	0.458188	0.425948	0.478504	0.348545	0.581442	-3.43739
0.0023223	0.276716	0.132348	0.527355	0.701174	0.717188	0.37111	0.64737	0.353622	-2.53116
0.104066	0.389502	0.285753	-0.346207	0.558536	0.279786	0.628907	0.969604	0.799795	-5.11529
0.0982886	0.258972	0.0901366	0.0762078	0.236552	0.908733	0.561465	0.488681	1.0488	-5.66669
0.199904	0.154424	0.353474	0.573021	0.545058	0.811029	0.692844	0.682914	0.656004	-5.25267
0.241519	0.22872	0.365532	0.353751	0.378895	0.752216	0.452777	0.837757	0.262858	-4.9838
0.104162	0.308746	0.437115	0.258367	0.323261	0.700567	0.840213	0.770251	0.748816	-5.00445
0.194843	0.235154	0.282921	-0.165391	0.308479	0.775179	0.198304	0.86664	0.323918	-3.05443
0.203595	0.444141	0.344826	0.321498	0.307506	0.475555	0.22985	0.189451	0.964341	-3.84836
0.227767	0.108721	0.317607	0.473919	0.172857	0.577214	-0.229087	0.455027	0.0860834	-4.91561
0.00900148	0.356346	0.330379	0.132867	0.507777	0.737307	0.220013	0.5407	0.338332	-1.82471
0.0880953	0.255352	0.444292	0.291731	0.502089	0.776578	0.696703	0.77424	0.430701	-3.91008
0.247767	0.199021	0.415109	0.367576	0.699538	0.234719	0.661567	0.492157	0.560501	-4.79821
0.154494	0.358081	0.321889	0.479089	0.697057	0.269695	0.0756957	0.878832	0.370095	-5.83066
0.00380189	0.278302	0.452127	0.464026	0.513132	0.389598	0.463017	0.0987798	0.52078	-4.69522
0.0786326	0.257845	0.328966	0.179664	0.504304	0.623528	0.487196	0.387115	0.468597	-5.83061
0.110786	0.0626685	0.420889	0.579847	0.204403	0.605589	0.14737	0.504781	0.0513014	-5.00032
0.236327	0.225129	0.464179	0.529151	0.28701	0.274711	0.187032	0.719033	0.498903	-4.41101
0.0846504	0.277933	0.211707	0.250079	0.465078	0.447491	0.539128	0.561422	1.00653	-4.67665
0.101843	0.365744	0.366522	0.411365	0.619746	0.782522	0.143874	0.430939	0.105217	-5.66004
0.194187	-0.0903882	0.318202	0.560398	0.251444	0.599837	0.547833	0.414444	0.216513	-5.43631
0.0759152	-0.424439	0.382677	-0.268471	0.441695	0.590247	0.7353	0.324566	0.921776	-4.10601
0.0788557	0.353794	0.300591	0.419594	0.334079	0.795214	0.417069	0.592058	1.17885	-5.29507
0.249656	-0.0714562	-0.0753285	0.422192	0.79681	0.361499	0.771473	0.513923	0.534615	-6.72655
0.22516	-0.478997	0.343169	0.278243	0.103454	0.451745	-0.114787	0.584452	0.340436	-5.15451
0.133018	-0.359071	0.38654	0.580303	0.419576	0.50841	0.618202	1.07173	0.883501	-3.9387
0.074312	0.288714	0.127229	0.600873	0.692202	0.39035	1.03079	0.777582	0.344467	-4.66043
0.0473193	0.143893	0.197882	0.585414	0.310302	0.68137	0.699337	0.396101	-0.0913315	-6.21706
0.0654264	0.348678	0.553259	0.2853	0.500722	0.614236	0.703846	0.493946	0.454121	-3.49841
0.00517438	0.169226	0.599293	0.332302	0.592147	0.76112	0.332786	0.452876	0.222608	-4.22376
0.0304951	0.0135591	0.313956	0.392459	0.587822	0.680289	0.559398	0.613024	0.683947	-5.95947
0.247538	0.0831268	0.265984	0.537467	0.397647	0.0622641	0.574232	0.89137	0.320353	-7.44485
0.00152396	0.190372	0.32492	0.462462	0.129633	0.391795	0.922568	0.543542	0.197488	-4.28141
0.238827	0.349733	0.422804	0.389028	0.635891	0.650579	0.918528	0.570871	0.24131	-5.18269
0.180128	0.14865	0.19582	0.395143	0.569295	0.730221	0.24311	0.350663	0.52477	-4.13498
0.24184	0.36274	0.420268	0.390451	0.309524	0.629826	0.1704	0.889383	0.446885	-3.41474
0.156343	0.182389	0.396622	0.350346	0.485802	0.573558	0.366541	0.955543	1.05016	-5.09217
0.171682	0.292015	0.274666	0.101328	0.52456	0.636938	0.137272	0.885385	0.329895	-5.9978
0.036265	0.208891	0.300098	-0.0579004	0.416414	0.423433	0.116693	0.594996	0.304887	-4.68042
0.0713368	0.235047	0.294688	0.45511	0.720329	-0.0662651	0.360834	0.78769	0.40792	-5.38304
0.075494	0.339401	0.46222	-0.136036	0.37712	0.74621	0.497903	0.622141	0.788195	-4.3155
0.134708	0.326977	0.628884	0.540562	0.332114	0.515326	0.730972	0.589909	0.506699	-3.78128
0.0841232	0.209563	0.318718	0.272344	0.473808	0.0654868	-0.161941	0.70862	0.692454	-4.26687
0.126314	-0.177026	0.348928	0.478585	0.585647	0.86929	0.0835393	0.472829	0.437523	-5.68586
0.133697	0.362671	0.287205	0.415024	0.487587	0.72885	0.5269	0.185259	0.627334	-6.66653
0.221934	0.174962	0.244905	0.471526	0.250097	0.280946	0.588283	0.313762	0.608492	-3.0959
0.00588011	-0.0384179	0.141226	0.311533	0.670307	0.739214	0.0925493	0.59134	0.491228	-5.69073
0.173026	0.433239	0.238706	0.164309	0.0622583	0.708342	0.0849162	0.777241	0.409668	-8.264
0.241122	0.303389	0.402881	0.627734	0.261995	0.82464	0.603644	0.382965	0.642671	-1.36835
0.244529	0.20811	0.200778	0.382301	0.608065	0.301976	0.436745	0.848457	0.638699	-4.97868
0.224259	0.323793	0.372605	0.503549	0.180277	0.502087	0.32969	0.327775	0.359654	-3.77183
0.186499	0.37145	0.255093	-0.238968	0.272894	0.628042	0.27493	0.781152	0.761061	-7.75094
0.207808	0.167731	0.464264	0.444223	0.48662	0.679283	0.487802	0.53588	0.282679	-4.71552
0.0837061	0.147036	0.444865	0.134289	0.442914	0.2512	0.376359	0.648952	0.459739	-3.3668
0.188113	0.158106	0.149034	0.63488	0.497667	0.455112	0.441671	0.852733	0.303095	-3.98587
0.0334107	0.173733	0.241424	0.62136	0.116426	0.672709	0.404599	0.718554	0.81213	-4.1336
0.179137	0.0424368	0.262272	0.475786	0.687121	0.634475	0.72059	0.402254	0.524873	-3.91292
0.237237	0.237066	0.312992	0.551815	0.250833	0.126736	0.223175	0.623603	1.11636	-3.16388
0.215132	0.193864	0.302461	0.130822	0.668161	0.536651	0.198818	0.968891	-0.110807	-4.53267
0.233837	0.183809	0.228889	0.570323	0.255899	0.32081	0.789574	0.351502	0.829776	-3.31398
0.115181	0.305712	0.44345	0.356368	0.52546	0.578167	0.299131	0.0586778	0.514516	-4.39242
0.0967997	0.265513	0.237834	0.276816	0.447362	0.712179	0.514924	0.982788	0.243509	-3.40448
0.206675	0.128224	0.121302	0.687048	0.690251	0.2711	0.283631	0.65838	0.509493	-6.90669
0.023396	0.272232	0.149953	0.586867	0.668476	0.388036	0.216364	0.440722	0.891305	-4.94299
0.170924	0.330248	0.483611	0.252061	0.379451	0.526177	0.837751	0.384422	0.398302	-4.23573
0.0155148	0.285009	0.378069	0.387405	0.434564	0.461926	0.735731	0.279887	0.39165	-2.69368
0.247803	0.274288	0.541361	0.615979	0.724846	0.754256	0.593231	0.486104	-0.0798719	-4.90936
0.117563	0.385093	0.441971	0.533894	0.547529	0.288061	0.2096	0.468083	-0.00515413	-5.73925
0.17615	0.324022	0.516956	0.529647	0.776425	0.665872	0.28198	0.660218	0.857272	-4.63975
0.213668	-0.197966	0.404989	0.287351	0.243454	0.849779	0.38413	0.847434	0.337149	-3.33559
0.143899	-0.128916	0.469467	0.514934	0.376754	0.6859	0.314835	0.946357	0.919977	-5.89812
0.215023	0.103417	0.277141	0.506939	0.504116	0.437506	0.381543	0.958631	0.559975	-4.45867
0.116789	0.411423	0.516143	0.245215	0.674154	0.788502	0.263985	0.484674	0.765998	-3.21039
0.247915	0.266627	0.532819	0.63982	0.532937	0.194636	0.628014	0.65803	0.208612	-4.93224
0.169869	0.193481	0.369373	0.392558	0.78529	0.56662	0.334138	0.567314	0.510111	-4.57295
0.16999	-0.511137	0.462356	0.53826	0.613235	0.529854	0.575453	0.214231	0.987736	-4.30572
0.0286245	0.272383	0.264476	0.532344	0.344581	0.423138	0.579006	0.786439	0.545051	-4.77216
0.24976	0.210705	0.143818	0.22397	0.800791	0.888455	0.341359	0.509731	0.539551	-5.80571
0.0301137	-0.176968	0.40135	0.349833	0.806089	0.0102546	0.751937	0.62013	0.51744	-2.55398
0.145935	0.230576	0.130524	0.483788	0.286313	0.484047	0.554142	0.644606	0.194472	-6.72364
0.244229	-0.156453	0.280078	0.571002	0.556022	0.538609	0.242421	0.511693	0.761864	-3.50501
0.247887	-0.0410063	0.115363	0.427522	0.785812	0.457404	0.436213	0.445695	0.210981	-4.13103
5.00274e-07	0.0919543	0.126092	0.316042	0.289395	0.536735	0.155932	0.897978	-0.0526415	-6.43007
0.0617939	0.385998	0.436361	0.169462	0.517677	0.605079	0.60302	0.35235	0.535161	-2.219
0.249144	-0.00855893	0.438406	0.602248	0.727605	0.453075	0.553773	0.742257	-0.0774202	-5.5569
0.0695081	0.316876	0.5818	0.534825	0.250322	0.395864	0.306221	0.575165	0.697043	-5.84026
0.24752	0.17009	0.494493	0.531892	0.42897	0.368143	0.254913	0.670774	0.641342	-6.7139
0.190562	0.152442	0.35536	0.269846	0.323524	0.263475	0.418659	0.405951	-0.317719	-4.25405
0.00234871	0.388932	0.263704	0.570161	0.345745	0.706479	0.339497	0.613419	0.503768	-4.32072
0.00324978	0.303478	0.271447	0.579517	0.586908	0.825034	0.749699	0.400881	0.483294	-4.59541
0.135366	0.187286	0.431333	0.437094	0.554984	0.376403	0.201731	0.561184	0.221913	-6.29677
0.00678994	0.381274	0.156008	0.0576724	0.540049	0.014671	0.493211	0.502654	0.657439	-4.70745
0.223589	0.194048	0.300021	0.397413	0.567732	0.629683	0.587569	0.690228	0.604725	-4.57504
0.246577	0.14081	0.487282	0.480621	0.0761652	0.599721	0.32527	0.607371	1.05356	-5.31702
0.239519	0.282137	0.318164	0.340425	0.536798	0.475735	0.57756	0.0856021	0.997887	-5.24664
0.139468	0.294603	0.364622	0.375097	0.491651	0.731408	0.641331	0.421148	0.719494	-5.344
0.187452	0.442835	0.384694	0.197768	0.471317	0.54374	0.761011	0.204536	0.495849	-2.44836
0.204139	0.208838	0.387085	0.492064	0.532324	0.396514	0.475143	0.584739	0.95557	-5.50169
0.103099	0.129065	0.273011	0.511446	0.420976	0.685216	0.189807	0.424851	0.57942	-3.43367
0.0677356	0.294622	0.191957	0.0988696	0.436738	0.237542	0.408929	0.797902	0.71941	-4.10164
0.000161312	0.336987	0.669166	0.445982	0.352431	0.634444	-0.0951285	0.352672	0.772003	-2.63119
0.000139914	0.0414616	0.315063	0.46113	0.473033	0.871617	0.622699	0.454807	0.644276	-4.03999
0.19909	-0.372687	0.020298	0.407716	0.507045	0.33458	0.462022	0.372382	0.173907	-4.39428
0.196778	0.0860862	0.551694	0.411056	-0.175604	0.922351	0.65627	0.243642	0.365786	-5.16746
0.00824219	-0.221893	0.53971	0.441652	0.634351	0.183504	0.336271	0.25441	0.47248	-3.7186
0.249405	0.064277	0.395336	0.577516	0.517012	0.281737	0.470846	0.417741	-0.157139	-5.95212
0.066398	0.265995	0.233416	0.444678	0.885335	0.543955	0.696882	0.514179	0.25492	-3.41675
0.228338	0.416782	0.317895	0.315371	0.368454	0.288073	0.40977	0.67896	0.716239	-5.21645
0.219588	0.150824	0.545534	0.574229	0.278872	0.334983	0.54538	0.837508	0.2098	-2.92861
0.138636	0.246491	0.358553	0.228165	0.48172	0.726383	0.263023	0.209754	0.388369	-3.08176
0.0474534	0.253307	0.384976	0.0521113	0.758871	0.710588	0.521956	0.585474	0.589205	-6.23414
0.00312172	0.0599125	0.499145	0.301664	0.504429	0.695111	0.032069	0.405768	0.643655	-9.43055
0.248188	0.249512	0.416215	0.139131	0.374216	0.54036	0.690535	0.544201	0.643273	-6.51647
0.028412	0.418904	0.388986	0.0919538	0.345575	0.675362	0.609239	0.699775	0.725342	-2.92724
0.0998077	0.150744	0.485261	0.632045	0.652322	0.865114	0.603538	0.043419	0.335715	-3.39792
0.0138214	-0.249762	-0.0364129	0.279731	0.440378	0.609409	0.624593	0.601482	0.558803	-4.41968
0.00118064	0.269764	0.298305	0.385792	0.618944	0.353335	0.889293	0.524975	0.67985	-4.61827
0.108502	0.153799	0.101283	0.641151	0.598515	0.524262	-0.0668951	0.746379	0.837937	-4.84521
0.0309657	0.295572	0.337354	0.487594	0.373389	0.533667	0.700072	0.696865	0.462442	-4.84373
0.224576	0.288341	-0.308184	0.537393	0.528209	0.335127	0.483631	0.687325	0.536181	-5.72
0.169563	0.0928593	0.345652	0.299109	0.637835	0.539884	0.682632	0.8618	0.43479	-5.63734
0.229707	-0.133277	0.364537	0.545897	0.368677	0.643649	0.600846	0.564375	0.821132	-6.71998
0.0299382	0.193781	0.328297	0.402639	0.404871	0.344665	0.779258	0.732785	0.354043	-4.03715
0.191999	0.291063	0.350541	0.201863	0.691728	0.705748	0.622944	0.515768	0.212848	-4.35311
0.00181213	0.335026	0.303043	0.221555	0.705716	0.681765	0.51215	0.650337	0.142345	-5.69251
0.0404223	-0.00444752	-0.0221084	0.354741	0.467763	0.463649	0.227719	0.692116	-0.381144	-6.14745
0.231013	-0.162147	0.439496	0.432274	0.630641	0.691318	0.66353	0.763046	0.192903	-5.76961
0.101503	0.122314	0.0411232	0.545794	0.356769	0.408139	0.172474	0.590555	1.06304	-5.94723
0.0098123	0.00761151	0.414831	-0.10102	0.511207	0.636468	0.42376	0.456889	0.153828	-5.54973
0.228186	0.317359	0.370805	-0.154552	0.59398	0.482191	-0.341218	0.791752	0.210876	-4.07969
0.24339	0.236983	0.452454	0.270118	0.377648	0.504609	0.867262	1.03648	0.826143	-5.43294
0.249055	0.238204	0.433891	-0.0350392	0.67141	0.387807	0.388983	0.43231	0.0422774	-7.26044
0.0920438	0.268753	0.42818	0.502888	0.718447	0.533136	0.147773	1.00285	0.504774	-4.32733
0.157571	0.267039	0.351979	0.480653	0.218075	0.474311	0.206438	0.350691	0.492199	-5.37431
0.0194126	0.322084	0.357874	0.600455	0.462324	0.552898	0.651676	0.987992	0.471738	-6.3469
0.000981744	0.241603	0.145813	0.364312	0.694813	0.479875	0.403057	0.79178	0.77613	-7.1486
0.124602	0.309054	0.259799	0.46041	0.516176	0.682148	0.578594	0.870073	0.224713	-6.84184
0.0204913	0.362224	0.324099	0.55684	0.389315	0.687443	0.143452	0.352205	0.712755	-6.45746
0.114177	0.184742	0.47085	0.563578	0.381868	0.318161	0.2463	0.67553	0.645358	-5.26248
0.215966	0.257065	0.646223	0.144998	0.433391	0.568465	0.188245	0.354244	0.739727	-5.38499
0.183486	0.276869	0.66599	0.309323	-0.117413	0.432749	-0.0740166	-0.0890174	0.188774	-6.54947
0.127195	0.275084	0.278154	0.453827	0.312011	0.491883	0.319863	0.437248	0.717416	-4.12507
0.0413095	0.342479	0.386461	0.475827	0.630198	0.111678	-0.00915516	0.531672	0.896954	-4.89706
0.17166	0.408396	0.605502	0.363844	0.257526	0.468819	0.596356	0.85367	0.888788	-2.95514
0.0147484	0.209772	0.34928	0.374989	0.554937	0.332748	0.302861	0.429091	0.159587	-4.79309
0.245161	0.319722	0.0934771	-0.026301	0.632899	0.175143	0.369467	0.739344	0.682574	-4.01612
0.175062	0.188632	0.379964	0.399559	0.507797	0.277558	0.854765	0.74263	0.817734	-7.0107
0.0096787	0.303082	0.362498	0.264188	0.510128	0.521745	0.550451	0.36273	0.156852	-4.42092
0.219726	0.36162	0.238591	0.704565	0.297557	0.393389	0.460281	0.714188	0.833688	-4.2685
0.212256	0.265468	0.409618	0.23711	0.341094	0.650615	0.00791006	0.421406	0.220983	-4.51534
0.00820835	0.288801	0.436992	0.562333	0.601911	0.540092	0.466552	0.898364	0.0763029	-5.65577
0.245426	0.28466	0.544793	0.104417	0.310988	0.651233	0.49708	0.76496	0.60035	-5.43836
0.248726	0.0111422	0.465384	0.223806	0.53964	0.748999	0.88306	0.825076	0.41939	-4.49898
0.149896	0.339969	0.473423	-0.0859213	0.382058	0.747845	-0.0282283	0.897479	0.580399	-4.0082
0.223565	0.126837	0.159438	0.185674	0.525272	0.344146	0.158267	1.08683	0.409373	-6.80563
0.0661856	0.182083	0.405834	0.54965	0.539666	0.704421	0.453337	0.628092	0.721699	-4.7621
0.183791	0.433519	0.195303	0.286612	0.201326	0.586502	0.646489	0.795565	0.876199	-5.48642
0.0234923	0.327454	0.544932	0.182524	-0.156	0.413448	0.65215	1.02567	0.604582	-7.62743
0.103046	0.281039	0.482706	0.360936	0.288788	0.262491	0.47652	0.527397	0.693326	-5.36788
0.211349	0.261595	0.0210285	0.425099	0.672737	0.0984267	0.715617	0.649005	0.499413	-7.57351
0.20542	0.313152	0.3785	0.419393	0.297358	0.563687	0.640464	0.768924	0.260653	-3.82843
0.0682124	0.270514	0.358243	0.446235	0.442566	0.457468	0.239783	0.587097	0.110782	-5.02711
0.0841991	0.345328	0.419266	0.701593	0.518161	0.255752	0.721946	0.657086	0.828313	-4.85445
0.0321244	0.00874424	0.350593	0.175428	0.09274	0.190696	0.192309	0.984835	0.788646	-5.23181
0.247966	0.296328	0.220363	0.583617	0.692759	0.373076	0.431856	0.548605	0.637654	-3.07454
0.232896	0.243675	0.630822	-0.313425	0.391996	0.0803317	0.772233	-0.0864837	0.623288	-4.29121
0.211551	0.361396	0.137515	-0.010083	0.203093	0.416972	0.802935	0.561825	0.604789	-6.60781
0.245338	0.287651	0.381005	0.0396289	0.611435	0.880331	0.755122	0.362802	0.596706	-5.21507
0.05238	-0.389039	0.150465	0.527739	0.0199678	0.195909	0.177662	0.80798	0.253851	-5.77416
0.133891	0.348311	0.479722	0.340702	0.647048	0.453778	0.299556	0.535034	0.761213	-4.63318
0.247833	0.186249	0.209089	0.262059	0.376002	0.304869	0.434342	0.207163	0.655987	-5.55993
0.0334448	0.244679	0.0970295	0.509997	0.585804	0.452197	0.588496	0.980655	0.699866	-3.85254
0.249973	0.0193837	0.156286	0.575413	0.473651	0.770325	0.426882	0.178972	0.931435	-6.70799
0.105921	0.270228	0.126285	0.578584	0.657152	0.928209	0.906817	0.481636	-0.101238	-3.60391
0.00463667	0.360084	0.147072	0.56817	0.5249	0.49563	0.209752	0.523981	0.65677	-3.89644
0.246051	0.303609	0.435957	0.584786	0.524275	0.438678	0.073611	0.705945	0.357726	-6.11483
0.165204	0.252875	0.183164	0.298483	0.82652	0.387642	0.691504	0.508116	0.684701	-6.22571
0.0203597	0.215098	0.398225	0.586648	0.414254	0.443785	0.540072	0.317001	1.19661	-9.23919
0.0193841	0.226504	0.456476	0.386693	0.605622	0.263849	0.00916177	0.664873	0.531038	-5.14956
0.240173	0.313208	0.0163445	0.346727	0.390715	0.222401	0.748666	0.0366442	0.573272	-3.38398
0.00731444	0.336098	0.410976	0.251922	0.165858	0.738569	0.00595088	0.750712	0.0983503	-3.55959
0.20021	-0.150515	0.143293	0.272387	0.351207	0.0268077	0.421885	0.574682	0.972051	-6.18912
0.0549054	0.311621	0.572785	0.268611	0.584526	0.829772	0.560033	0.472415	0.693627	-5.37285
0.0323832	0.172119	0.376571	0.298617	0.621104	0.341658	0.536904	0.117483	0.543544	-5.17403
0.2422	-0.251748	0.432249	0.439254	0.211163	0.363199	0.511307	1.03454	0.332929	-7.00078
0.00124258	0.273427	0.358104	0.715387	0.459523	0.276843	0.517841	0.641721	0.77924	-4.32656
0.212104	0.32832	0.489792	0.0205356	0.59972	0.695087	0.507526	0.725773	0.135997	-5.43037
0.0771438	0.381136	0.446604	0.0464851	0.584328	0.644839	0.340917	0.591025	0.913663	-7.26287
0.20317	-0.0645713	0.0771259	0.53866	0.413065	0.432411	0.631007	-0.16786	0.895037	-4.57852
0.00978363	0.134514	0.518888	0.360738	0.546021	0.654201	0.471133	0.805535	0.183378	-2.73604
0.249823	0.11886	0.562332	0.568144	0.738347	0.366412	0.70722	0.294864	0.688501	-4.16351
0.142625	0.340566	0.398285	0.352046	0.394525	0.516259	0.417548	0.75897	0.282569	-4.65762
0.246289	-0.718388	0.333108	0.371874	0.394155	0.405481	0.388032	0.546511	0.58887	-8.37641
0.235638	-0.356378	0.457833	0.124939	0.400625	0.606759	0.161101	0.537049	0.686337	-4.18864
0.0962362	0.351872	0.421588	0.209641	0.324532	0.644049	0.323277	0.805593	0.896417	-4.28985
0.174772	0.43704	0.178831	0.323421	0.772238	0.465362	0.119687	0.387981	0.835383	-4.15972
0.165483	0.208199	0.604481	0.219505	0.49813	0.306223	0.385507	0.287686	0.551678	-3.93433
0.134205	0.294718	0.194452	0.444469	0.363919	0.628025	0.331221	0.156004	0.623684	-4.93904
0.0948426	-0.165637	0.479386	0.31811	0.557586	0.526883	0.771697	0.68366	0.963004	-4.9496
0.239576	0.363184	0.27164	0.246469	0.412965	0.602196	0.777469	0.526864	0.54107	-4.81319
0.235287	0.194166	0.190018	0.59093	0.248628	0.287519	0.233679	0.647821	0.624146	-3.07994
0.243877	0.279386	0.277934	0.481476	0.328583	0.213614	0.721073	0.794959	0.566917	-3.80281
0.170446	-0.00163357	0.230181	0.0963269	0.323239	0.681962	0.548151	0.662961	0.732189	-6.24403
0.0681054	-0.00459416	0.374781	0.629271	0.459403	0.66085	0.745348	0.585695	0.762222	-4.1205
0.0960362	0.0292559	0.439389	0.287902	0.31725	0.707801	0.367063	0.52905	0.795281	-2.09265
0.247587	-0.361069	0.371853	0.516823	0.50068	0.475752	0.346961	0.414113	0.283345	-6.64488
0.248815	0.188826	0.545957	0.492131	0.514878	0.604023	0.221616	0.918059	0.688713	-4.13609
0.0271346	-0.443375	0.529243	0.140957	0.575967	0.254341	0.684826	0.469882	0.844632	-3.92063
0.00291168	0.282205	0.30236	0.097797	0.652853	0.0551503	0.786143	0.681111	0.982938	-6.68588
0.108321	0.25706	0.401815	0.632027	0.620672	0.653946	0.373066	0.404207	0.195347	-5.0835
0.117143	0.210755	0.490509	0.042554	0.277264	0.424401	0.0223349	0.591387	0.507516	-5.01494
0.142498	0.302172	0.504671	0.194203	0.644427	0.409766	0.385089	0.890022	0.520846	-4.63941
0.0806761	-0.201402	0.596894	0.587529	0.620133	0.264129	0.40384	0.540992	0.44488	-6.01445
0.249121	0.263078	0.217782	0.135496	0.206351	0.721076	0.700963	0.428003	-0.00200047	-4.95715
0.24436	0.435599	0.307979	0.227355	-0.0011424	0.498016	0.615552	0.604282	0.636715	-5.40716
0.239448	0.260958	0.501797	0.330175	0.235774	0.392779	0.506457	0.618548	0.845314	-3.24266
0.0858956	0.277073	0.494831	0.204656	0.525607	0.374451	0.0359226	0.227432	0.389538	-4.77627
0.249989	0.247467	0.472574	0.411122	0.655337	0.31846	0.767513	0.734953	0.818294	-5.60485
0.113615	0.42654	0.32385	0.458139	0.208259	0.746811	0.483733	0.198747	1.02481	-6.46005
0.000767575	0.223333	0.415207	0.500187	0.500337	0.745384	0.488833	0.599057	-0.05866	-4.03464
0.234333	0.396754	0.0787202	-0.0543299	0.85076	0.26284	0.600809	0.912341	0.414861	-5.00818
0.00382371	0.281031	0.323091	0.51883	0.275369	0.382312	-0.0836444	0.87348	0.322036	-6.49883
0.0291897	0.300407	0.236252	0.589483	0.406039	0.194274	0.287676	0.946962	0.302955	-4.80378
0.0920309	0.280596	0.390429	0.52854	0.0447349	0.405217	0.616501	0.629514	-0.204145	-4.09561
0.0639897	0.211603	0.367221	0.472848	0.440022	0.324818	0.834695	0.312799	0.83941	-4.78284
0.000459179	0.0895267	0.699995	-0.0577211	0.467379	0.534715	0.847315	0.43212	0.805637	-3.54733
0.203751	0.213284	0.259654	0.409272	0.67867	0.138685	0.545307	0.776339	0.763173	-5.39821
0.0647256	0.175321	0.503294	0.222245	0.282054	0.632707	0.458023	0.773193	1.05223	-7.4105
0.249738	0.244828	0.380588	0.277311	0.516845	0.385823	-0.0709146	0.62209	0.458979	-7.77326
0.221825	0.262832	0.135808	0.424562	0.361695	0.834953	-0.027244	0.354581	0.262066	-4.24434
0.000742919	0.290818	0.368889	0.572927	0.342041	0.465132	0.334086	0.478962	0.50161	-5.4756
0.103254	0.270948	0.277778	0.38002	0.544314	0.364691	0.30108	0.815195	0.746796	-4.93358
0.0465225	0.199572	0.531006	-0.0853062	0.430432	0.601686	0.443551	0.598883	0.921379	-2.16317
0.217183	0.216795	0.395938	0.378937	0.195189	0.793491	0.37817	0.342198	0.354824	-3.83393
0.164294	0.340001	0.407049	0.331837	0.550001	0.579961	0.317885	0.815395	0.704768	-3.97196
0.090188	0.106716	0.346541	0.460736	0.45671	0.643557	0.85281	0.574291	0.877412	-4.94653
0.0283194	0.263077	0.452074	0.290833	0.280659	0.470519	0.809739	0.58803	0.526849	-4.29733
0.000362928	0.226896	0.461827	0.447915	0.260367	0.698772	0.325789	1.23415	0.890531	-3.09719
0.125785	-0.101872	0.57108	0.199346	0.553858	0.650913	0.401969	-0.0108215	1.00685	-5.07685
0.106411	0.227911	0.264516	0.144065	0.534068	0.290502	0.488156	0.538034	0.234015	-4.93139
0.108255	0.324557	0.254253	0.317725	0.319121	0.575666	0.416716	0.470747	0.0876875	-5.14484
0.248548	-0.410162	0.260225	0.597767	0.645144	0.428624	0.686269	0.0332831	0.134243	-4.63867
0.179554	-0.0188135	0.431635	0.625088	0.247936	0.582726	-0.265019	0.869654	0.754286	-4.94836
0.234	0.328967	0.312878	0.420638	0.310804	0.697184	0.663631	0.390677	0.301471	-4.01671
0.0323886	-0.126725	0.271892	0.401717	0.473133	0.324716	0.478412	0.391785	0.592412	-4.7645
0.18057	0.406711	0.439862	0.223143	0.321221	0.140225	0.210326	0.710014	0.351091	-5.95592
0.218359	-0.00908689	0.307152	0.418907	0.0769211	0.592897	0.482159	0.198916	0.959762	-7.00173
0.230598	0.340709	0.0346079	0.535772	0.6791	0.568475	0.0907681	0.628488	0.562524	-6.38044
0.00289717	0.198693	0.216395	0.26227	0.675749	0.117287	0.408796	0.844269	0.430069	-5.85542
0.0495282	0.260207	0.471777	0.200295	0.763946	0.686941	0.405033	0.458744	0.398591	-4.07706
0.0808618	0.225219	0.142886	0.34077	0.272477	0.430425	0.66265	0.485317	0.541908	-8.18213
0.249832	0.0536992	0.512813	0.140301	0.401931	0.311683	0.749568	0.83463	0.676242	-4.86571
0.179207	0.0286456	0.422454	0.319831	0.650897	0.3695	0.350228	0.574737	0.647565	-4.02495
0.0385801	-0.0159312	0.354013	0.363661	0.642255	0.00870776	0.656493	0.585466	0.751201	-3.9731
0.231037	0.219531	0.302026	0.47986	0.438528	0.3517	0.652968	0.45154	0.42271	-3.86646
0.185072	0.380408	0.387451	0.554834	0.448562	0.402797	0.299255	0.741936	0.463228	-6.89676
0.0697436	0.334131	0.264947	0.177571	0.587464	0.478754	0.694479	0.592979	0.764492	-8.02725
0.242736	0.200784	0.175909	0.615046	0.444825	0.536431	0.729611	0.532979	-0.0877264	-4.00273
0.231412	0.250618	0.349614	-0.122483	0.442325	0.273036	0.311259	0.675033	1.1446	-4.39226
0.04024	0.255405	0.486482	0.621307	0.457262	0.536083	0.658346	0.853206	0.958386	-4.78033
0.0225549	-0.205333	0.321784	0.42579	0.368271	0.49056	0.557018	0.525494	0.056747	-4.74242
0.177075	0.231344	0.333517	0.279956	0.39926	0.753843	0.626526	0.593199	0.282478	-5.39575
0.158403	0.168945	0.329404	-0.0469795	0.476718	0.32657	0.577641	0.412174	0.341987	-6.02195
0.0356607	0.397301	0.305508	0.339227	0.0286297	0.386914	0.597873	0.299111	0.892843	-6.13635
0.0918446	0.34112	0.132673	-0.117025	0.49465	0.321158	0.623725	1.11335	0.544145	-6.33295
0.0236937	0.160794	0.338027	0.763514	0.707836	0.304755	0.675606	0.615382	0.762009	-4.4962
0.224342	0.244971	0.440612	0.0515345	0.319452	0.461658	0.497003	0.339148	0.346784	-1.70891
0.215562	0.151967	-0.00207869	-0.256074	0.311843	0.784678	0.521017	0.431634	0.224193	-2.90938
0.0887793	0.238611	0.462031	0.459025	0.639849	0.804648	0.696306	0.727466	0.120114	-5.03542
0.00225652	0.184197	0.232892	0.528443	0.58802	0.464392	0.66201	0.682716	0.547401	-6.85805
0.193915	0.304233	0.135939	0.422915	0.609867	0.826057	0.0781778	0.917224	0.93179	-6.5138
0.205087	0.335564	0.146166	0.503169	0.180068	0.227579	0.411881	0.858078	0.203707	-4.23472
0.242821	0.260286	0.470531	-0.373939	0.544908	0.605569	0.813866	0.792762	0.355887	-7.38874
0.150251	0.314527	0.328131	-0.0423541	0.693899	0.624766	0.0410378	0.702987	0.387438	-5.08882
0.0833163	0.223073	0.0722916	0.0830464	0.515599	0.606851	0.422613	0.49178	0.664317	-4.61734
0.205088	0.334546	0.501344	0.327817	0.218735	0.237799	-0.0249897	0.786011	0.752662	-2.56361
0.207467	0.239607	0.286	0.384679	0.753308	0.292683	-0.146555	0.237159	0.229899	-5.00409
0.0969442	0.278857	0.390706	0.525953	0.530853	0.734563	0.442267	0.770788	0.523535	-4.97664
0.155409	0.293905	0.25712	0.516451	0.651909	0.428814	0.465616	0.357255	0.799266	-4.49715
0.0220839	-0.23741	0.25461	0.285639	0.577374	0.327356	0.0625058	0.478176	0.465565	-3.20937
0.211528	0.0902523	0.366153	-0.000727817	0.14597	0.493123	0.708767	1.09753	0.614595	-3.05947
0.245899	0.241786	0.44788	0.234136	0.212327	0.15558	0.0695529	0.624361	0.417373	-7.48019
0.242727	0.310932	0.504015	0.175526	0.218784	0.74784	0.297013	0.508225	0.781228	-6.92954
0.162701	0.260308	0.33527	0.503672	0.585776	0.405865	0.892503	0.8166	0.349581	-6.33256
0.00860753	0.236557	0.356303	0.449232	0.340601	0.192332	0.316281	0.770064	0.120928	-4.70996
0.165471	0.318161	0.332729	0.643692	0.11294	0.674626	0.326148	0.638554	0.551294	-1.49716
0.23221	0.107688	0.461064	0.232907	0.476475	0.686048	0.649347	-0.102292	0.534182	-5.17058
0.0110932	0.393974	0.479085	0.198408	0.578325	0.507013	0.489095	0.91643	0.780836	-5.56564
0.20823	0.235039	0.255875	0.499714	0.618344	0.633007	0.87673	0.411487	0.608258	-4.41764
0.244082	0.169905	0.169567	-0.00819996	0.860421	0.380506	0.254003	0.41481	0.681718	-4.6543
0.105991	0.193671	0.287579	0.142192	0.218414	0.306329	0.670472	0.557326	0.553023	-5.81494
0.249291	0.342924	0.195884	0.390568	0.469238	0.127223	0.465681	0.449301	0.381011	-6.16677
0.170408	-0.12214	0.182383	-0.288404	0.440094	0.777571	0.493034	0.254762	-0.0380357	-6.76684
0.104334	0.0647402	0.253287	0.032906	0.643961	0.815294	0.552049	0.662235	0.570911	-4.70309
0.123659	0.167194	0.315379	0.289035	0.242618	0.796172	0.418977	0.512773	0.903719	-5.34353
0.0427853	0.386635	0.544991	0.672452	0.443824	0.478326	0.632356	1.00668	0.227637	-6.29139
0.0597671	0.397758	0.334528	0.234216	-0.15322	0.598171	0.796654	0.512831	0.195579	-4.71588
0.0150893	0.210395	0.229828	0.177742	0.694297	0.672268	0.429214	0.731643	0.416609	-4.96403
0.11843	0.18024	0.336822	0.0125733	0.497018	0.104364	0.575255	0.65524	0.222494	-3.81454
0.0298049	0.214068	0.313851	0.339944	0.294445	0.966452	0.733166	1.12054	0.524991	-6.66141
0.13617	0.263228	0.286439	0.13917	0.511686	0.609999	0.469099	0.492848	0.838491	-5.87803
0.0263855	-0.705697	-0.100854	0.502736	0.589468	0.757716	0.912381	0.656841	0.0238943	-5.90059
0.249996	0.385589	0.347427	0.484357	0.268619	0.524448	0.45887	0.875187	0.082726	-6.10809
0.242994	0.230952	0.352286	0.107712	0.24807	0.889162	0.140173	0.867312	0.599386	-4.96722
0.142964	0.243529	0.29793	0.395721	0.434035	0.367357	0.471606	0.563391	0.807569	-5.5575
0.131813	0.0874438	0.550442	0.299771	0.563456	0.570855	0.68085	0.154226	0.15858	-5.73458
0.0252865	0.0810214	0.404973	0.480788	0.655402	0.642265	0.498766	0.468642	0.39065	-3.74446
0.0148814	0.26589	0.366668	0.452999	0.221176	0.379422	0.624716	0.243774	0.472173	-5.04258
0.21962	0.256588	0.358676	0.572605	0.331991	0.259347	0.353394	0.596339	0.457932	-5.71429
0.129611	0.262273	0.392736	0.282923	0.564759	0.691518	0.501165	0.746168	0.566123	-6.59398
0.038558	0.272789	0.305228	0.269066	0.531072	0.211787	0.605637	0.80503	0.0945464	-5.78845
0.00828485	0.310264	0.106221	0.433505	0.654213	0.277083	0.34778	0.548739	0.521202	-4.37975
0.0067741	0.383294	0.40428	0.214296	0.22664	0.78479	0.298707	0.460466	0.742083	-3.1081
0.236421	0.0938517	0.4611	0.703266	0.272751	0.287929	0.4914	0.798001	-0.201405	-3.94582
0.0452996	0.204283	0.311632	0.505631	0.569602	0.790688	0.490227	0.263467	0.88453	-3.99922
1.95978e-05	0.284723	-0.136753	0.414098	-0.00211265	0.589419	0.637331	0.690842	0.855698	-3.3858
0.247027	0.291682	0.199754	-0.410061	0.652118	0.254294	0.912195	0.803287	0.111999	-5.36345
0.141812	0.230314	0.435636	-0.0803451	0.734865	0.607927	0.845715	0.352185	0.506431	-4.79563
0.050466	-0.403784	0.305467	0.164601	0.308092	0.703879	0.617774	0.481052	0.418722	-6.47959
0.00648923	0.033561	0.489798	0.624008	0.311416	0.494398	0.505669	0.817317	0.71337	-4.00024
0.104091	0.314563	0.365019	0.403829	0.354191	0.654569	0.247268	0.587994	0.230527	-8.11437
0.0518526	0.299075	0.432333	-0.186945	0.421338	0.442445	0.578115	0.806158	0.678399	-7.6739
0.142472	0.347827	0.469063	0.537634	0.665727	-0.00584113	0.588999	0.432652	0.322234	-4.59516
0.229413	0.274642	0.338724	0.175297	0.626625	0.426127	0.484088	0.778626	0.518638	-4.5006
0.249869	0.279879	0.419858	0.0283209	0.342927	0.404401	0.746418	0.542756	0.619848	-6.01501
0.244102	0.303073	0.217514	0.306813	0.311685	0.819027	0.577813	0.714147	0.552388	-4.72165
0.149894	0.25766	0.373431	0.627726	0.339671	0.495293	0.530788	0.614795	0.130554	-5.82074
0.0287883	0.431423	0.432866	0.439193	0.10779	0.601987	0.535258	0.701389	0.75091	-5.93388
0.0771023	0.273943	0.500201	0.283563	0.478915	0.430231	0.330183	0.867746	0.734243	-5.27885
0.0854802	0.252123	-0.0177822	0.346739	0.184567	0.570749	0.735523	0.000164551	0.77937	-4.88827
0.223943	0.245993	0.399557	0.673561	0.679232	0.497161	0.62494	0.724564	0.739016	-5.61124
0.240622	0.275835	0.11809	0.427473	0.859579	-0.00995295	0.635816	0.235032	0.186515	-4.69006
0.0918752	-0.163128	0.479602	0.304005	0.530609	0.773035	0.310276	0.521742	0.168441	-5.12633
0.0388234	0.260955	0.386601	0.460113	0.0940587	0.285313	0.749422	0.905592	1.05988	-3.07894
0.00776359	-0.0434119	0.453813	0.0390769	0.584418	0.089229	0.837375	0.430693	0.446478	-6.44975
0.0174611	-0.120187	0.277436	0.481512	0.117588	0.682803	0.170794	0.864496	0.621517	-4.33288
0.00758103	-0.0783652	0.378285	0.650338	0.275946	0.519811	0.903508	0.607555	0.657631	-5.27152
0.168897	-0.0613207	0.380976	0.234779	0.451826	0.418253	0.656578	0.0110696	0.736822	-7.09729
0.160816	0.260638	0.246302	0.642067	0.660976	0.340136	0.723696	0.357064	0.713167	-6.17505
0.249977	0.249614	0.461172	-0.0415217	0.748811	0.549984	-0.113114	0.639101	0.394057	-6.48315
0.247365	0.308683	0.360696	0.26014	0.536171	0.520244	0.472555	0.835081	0.468594	-5.9481
0.00101654	0.27071	0.472283	0.367394	0.531195	0.484822	0.493159	0.432309	0.23413	-5.02456
0.227449	0.29881	0.195489	0.593958	0.555955	0.439465	0.819648	0.48502	-0.162322	-3.39318
0.00722214	0.32227	0.209204	0.192996	0.628681	0.597878	0.50929	0.907262	0.767374	-4.32632
0.237738	0.0826049	0.349592	0.585839	0.70434	0.612622	0.292808	0.400959	0.562557	-6.77418
0.137072	0.156261	0.38265	0.462738	0.717448	0.826168	0.750414	0.637053	-0.0238733	-5.76168
0.079411	0.132846	0.248949	0.467921	0.554613	0.54925	0.537036	0.888897	0.182726	-3.2754
0.246556	0.301715	0.621183	0.317871	0.434888	0.452451	0.689256	0.649976	0.379745	-5.31315
0.0729262	0.0991021	0.0724466	-0.0359864	0.477707	0.176091	0.232048	0.458811	0.852471	-6.42015
0.0211385	0.0913824	0.460089	0.0381979	0.329896	0.728303	0.422353	0.867058	0.742777	-5.42974
0.0931335	-0.559971	0.340292	0.108693	0.286566	0.442199	0.0653474	0.762261	0.713718	-3.98648
0.040309	0.3317	0.111184	0.653684	0.276263	0.38367	0.795894	0.519578	0.934734	-4.82367
0.0912128	0.309141	0.232484	0.164817	0.558155	0.556559	0.970287	0.481264	0.443649	-5.67952
0.147183	0.0827789	0.487614	0.427933	0.614826	0.653552	0.729664	0.32758	0.434481	-6.32669
0.224932	0.174936	0.487608	0.340129	0.265943	0.672867	0.535609	0.490885	0.371444	-2.30445
0.0109109	-0.0906715	0.420341	0.387918	0.346961	0.700425	0.770736	0.620599	-0.193236	-3.52734
0.117463	0.309278	0.490208	0.3423	0.452121	0.203938	-0.526628	0.761309	0.214436	-4.45081
0.242776	0.30489	0.347606	0.455392	0.168577	0.563944	0.55423	0.325081	0.449933	-3.73629
0.0766177	0.146379	0.240692	0.53796	0.294009	0.501259	0.681925	0.730139	0.860092	-3.00211
0.161392	-0.0332805	0.443219	0.492355	0.5728	-0.0438396	0.663786	0.528118	0.640569	-3.87431
0.179169	0.282183	0.351469	0.449693	0.720309	0.362744	0.314889	0.0558651	0.295694	-6.64265
0.00324344	0.370737	0.470848	0.58894	0.564662	0.76126	0.523824	0.526254	0.858467	-4.34001
0.0948082	0.313426	0.405417	0.223176	0.511782	0.395548	0.210915	0.196716	0.207305	-5.52015
0.213258	0.16465	0.41791	0.206409	0.504836	0.303202	0.938029	0.375055	0.584023	-4.81676
0.212104	0.0291723	0.298585	0.509	0.47476	0.498731	0.741448	0.746724	0.589813	-5.01012
0.187728	0.362933	0.42275	0.380523	0.515965	0.293178	0.0385503	0.345356	0.794015	-4.535
0.00320247	0.224859	0.240746	0.316288	0.220172	0.684294	0.653216	0.958356	0.0642719	-7.0464
0.00241703	0.277535	0.381426	-0.0948187	0.380445	0.797792	0.470303	0.560374	-0.338631	-2.51659
0.0128845	-0.145892	0.444654	0.392638	0.886767	0.37239	0.670024	0.923188	0.311469	-5.78162
0.244833	0.284434	0.364798	0.460225	0.572151	0.760302	0.458218	0.28177	1.05106	-5.08058
0.00215796	-0.15142	0.349229	0.210029	0.747527	0.74941	0.754696	0.356959	0.447185	-5.13223
0.211884	0.25512	0.368313	0.427947	0.400937	0.369176	0.56509	0.447285	0.363473	-7.29201
0.127093	0.143218	0.293222	0.280414	-0.0531319	0.64224	0.388726	0.829915	0.766488	-4.53207
0.0736839	0.299597	0.516238	0.518374	0.152123	0.67022	0.582085	0.514008	0.136799	-3.90979
0.216662	-0.403789	-0.0105387	0.109305	0.364554	0.46929	0.413219	0.288635	0.306429	-6.17518
0.122615	0.153811	0.487648	0.301978	0.828646	0.485823	0.484086	0.226955	-0.140009	-5.50034
0.0948917	-0.402115	0.49762	0.189459	0.387979	0.585871	0.103452	0.0416279	0.33484	-5.71504
0.237854	0.372982	0.210898	0.367418	0.508515	0.357923	0.750853	0.513301	0.97075	-6.03466
0.176539	0.345145	0.220818	0.471245	0.575722	0.660533	0.221794	0.660577	0.603888	-2.65043
0.00343168	0.21449	0.179822	0.159316	0.394603	0.420046	0.715608	0.589432	0.72249	-4.20827
0.0515263	0.0750599	0.172382	0.135692	-0.219241	0.574016	0.653992	0.561245	0.673194	-2.71459
0.0189967	0.131837	0.34026	-0.262898	0.143233	0.213779	0.871692	0.505362	0.372738	-4.96073
0.213154	0.197414	0.525483	0.22548	0.521576	0.130422	0.580103	0.468297	0.0137659	-4.61483
0.0524748	0.258615	0.314222	-0.740942	0.779671	0.970597	0.572786	0.668105	0.653078	-4.59654
0.0089691	0.230915	0.297493	0.337908	0.298873	0.816138	0.576906	0.453331	0.745559	-2.55359
0.19612	0.231275	0.129894	0.143086	0.434948	0.428393	0.446813	0.486993	0.330619	-6.18814
0.107802	0.342383	0.277234	0.471833	0.530789	0.374335	0.580459	0.52953	0.504446	-7.91929
0.0790961	0.256072	0.484144	0.234916	0.642482	0.28801	0.373898	0.620078	0.37802	-4.88882
0.190084	-0.424544	0.242086	0.179784	0.56771	0.468763	0.0691158	0.754308	0.925221	-4.00896
0.0248398	0.103465	0.166867	-0.446926	0.622492	0.55038	0.331042	0.391078	0.295606	-3.15368
0.116224	0.379819	0.353912	0.467347	0.479233	0.364455	0.698936	0.345857	0.802736	-4.98339
0.183376	0.189905	-0.03384	0.537333	0.807817	0.47959	0.422288	0.880875	0.537676	-3.81243
0.196131	0.271396	0.439754	0.205115	0.373875	0.722255	0.751843	0.71774	0.454879	-4.35607
0.24736	-0.275238	0.504645	0.55264	0.246174	0.458817	0.416895	0.37104	-0.0451817	-4.53648
0.00107054	0.187622	0.392571	0.327915	0.480556	0.663313	0.681012	1.01818	-0.00314789	-4.55031
0.0980389	-0.000233347	0.556071	0.185162	0.310047	0.598723	0.276459	0.481199	0.476969	-1.22113
0.221284	0.438874	0.132986	0.173814	0.58352	0.63858	0.721216	0.457967	0.502126	-5.11392
0.228913	0.114859	0.186645	0.515567	0.453158	0.526383	0.17557	0.160973	0.749143	-4.03207
0.146294	0.361904	0.492793	0.160902	0.436026	-0.324128	0.298189	0.693484	-0.246229	-4.02171
0.246932	0.290675	0.555917	0.108294	0.619404	0.70466	0.263592	0.583702	0.807747	-3.35587
0.243577	0.281216	0.26657	-0.262872	0.404956	0.751774	0.287393	0.410897	1.09216	-1.81004
0.175412	0.268049	-0.115457	0.45701	0.11352	0.701709	0.394717	0.592654	0.508733	-4.83747
0.0700278	0.289618	0.462516	0.523883	0.31355	0.670836	0.67231	0.714515	0.8871	-3.09867
0.0231819	0.324105	0.375214	0.694319	0.227831	0.740017	0.603734	0.738161	1.09002	-5.54437
0.16946	0.212035	0.265751	0.283401	0.236782	0.519461	0.517209	0.651456	0.254076	-5.06338
0.247885	0.318381	0.477496	0.267829	0.611925	0.0300344	0.117612	0.691061	0.502498	-5.76984
0.213357	0.191811	0.354156	0.258005	0.0285083	0.457971	0.290181	0.264063	-0.139414	-5.64372
0.0679438	0.319648	0.394148	0.484961	0.662066	0.369538	0.651738	0.908175	-0.0796838	-3.7857
0.19096	0.442897	0.306295	-0.0167515	0.609249	0.489991	0.135675	0.481582	0.0402032	-4.51178
0.23578	0.160728	0.299161	0.579892	0.402225	0.386456	0.573785	0.440524	0.250382	-6.21654
0.02369	-0.548918	0.364221	0.567885	0.7807	0.569307	-0.297481	0.363731	0.309844	-3.31541
0.131249	0.153842	0.326423	0.314116	0.65955	0.468379	0.0107285	1.12279	0.541547	-3.93442
0.078512	-0.41245	0.416641	0.560308	0.641001	0.28367	0.248582	0.31841	0.419189	-5.25452
0.0069689	0.0596009	0.0773325	0.0393169	0.235201	0.582963	0.484303	0.324512	0.145403	-8.15529
0.00176362	0.178409	0.0414339	0.274189	0.369735	0.656744	0.525259	0.627821	0.433839	-4.519
0.0385935	-0.557128	0.480495	0.437968	0.53413	0.356146	0.806651	0.961298	0.501612	-5.08958
0.0174863	0.389691	0.53869	0.391717	-0.274173	0.275097	-0.085002	0.437628	0.477348	-6.26865
0.0613088	0.0770291	0.16131	0.609982	0.381932	0.447704	0.280809	0.958061	0.211489	-6.30007
0.128116	0.150576	0.319415	0.307901	0.514314	0.441648	0.685643	0.127233	0.419226	-3.11807
0.203442	0.355086	0.191466	0.369056	0.623578	0.176557	0.756176	0.804104	0.750133	-5.05813
0.00862102	0.289208	0.466009	0.230675	0.166704	0.53381	0.578915	0.96009	0.373455	-6.08397
0.102804	0.145956	0.290541	0.188483	0.604861	0.947755	0.682182	0.311975	0.345424	-4.18329
0.225451	0.351374	0.44885	0.532343	0.21432	0.53328	0.519135	0.495716	0.192322	-6.49839
0.113274	0.288077	0.471911	0.572029	0.325901	0.570825	0.565457	0.514183	0.733346	-3.97891
0.225797	0.279368	0.379434	0.613009	0.338837	0.660815	0.713468	0.731074	1.23485	-6.77678
0.0193537	-0.0415247	0.535328	0.342594	0.643918	0.588638	0.746366	0.541881	0.254196	-3.30883
0.075304	-0.025261	0.39633	0.253132	0.247423	0.361499	0.722203	0.540692	0.279303	-4.60661
0.129766	0.242857	-0.00651942	0.736165	0.592331	0.570901	0.419857	0.945861	0.00596906	-3.87165
0.14957	0.301795	0.488784	0.724743	0.267961	0.307152	0.315504	0.643833	0.0472726	-2.85344
0.00199061	0.279164	0.559884	0.621801	0.428535	0.840642	0.700574	0.65991	0.856002	-4.76945
0.0154811	0.191765	0.287653	0.6498	0.685651	0.650497	-0.0587534	0.535579	0.665207	-5.12811
0.0324962	0.140872	0.504708	0.57971	0.648017	0.517447	0.0962854	0.0920509	0.30109	-4.53733
0.236473	-0.0594284	0.2805	0.453161	0.387478	0.747017	0.505219	0.320672	0.46215	-3.12218
0.00517264	0.246403	0.25167	0.39507	0.502895	0.854239	0.794505	0.768976	0.602427	-6.13507
0.206367	0.266617	0.280855	0.627475	0.54936	0.375693	0.078058	0.435086	0.684187	-3.65896
0.000748995	0.242093	0.666011	0.146501	0.646473	0.281443	0.911868	0.512005	0.555871	-7.63753
0.169569	0.262952	0.485876	-0.0708455	0.680276	0.328128	0.823701	0.805433	0.243237	-5.0161
0.245997	0.267089	0.323427	0.558902	0.286359	0.546065	0.56483	0.470045	0.996852	-4.48906
0.1832	0.141527	0.417135	0.613656	0.710025	0.703958	1.07417	0.584835	0.55458	-5.42964
0.0202545	0.276654	0.248642	0.409297	0.395386	0.892626	0.466039	0.845032	0.264439	-7.39224
0.239643	0.250633	0.0471401	0.30331	0.323621	0.265834	0.807475	0.677238	0.601162	-4.30387
0.16154	0.14502	0.505527	0.536634	0.142325	0.572944	0.123691	0.713189	0.594521	-3.82128
0.0893995	0.0096297	0.449042	0.454136	0.497447	0.552485	0.344078	0.745799	0.953717	-5.22712
0.125367	-0.472467	0.497456	0.393319	-0.239665	0.278489	0.950874	0.352529	0.267619	-7.04233
0.066797	0.40723	0.304662	0.508672	0.438976	0.643883	0.605062	0.710265	0.74627	-4.63656
0.212625	-0.406818	0.450782	0.274716	0.622335	0.598308	0.405866	0.583251	0.327481	-4.58861
0.0818354	0.315922	0.344364	0.20268	0.736769	0.350615	0.729143	0.497914	0.475817	-2.19555
0.178945	0.358511	0.349674	0.392228	0.0775896	0.532289	0.673685	0.409423	0.425003	-7.27678
0.116158	0.308106	0.34201	0.486125	0.558051	0.495697	0.943697	0.687046	0.371648	-3.34471
0.200781	0.261278	0.323845	0.416114	0.48425	0.682661	0.362298	0.672493	0.34801	-4.98849
0.0310379	0.235049	0.278415	-0.0599564	0.533741	0.611968	0.932578	1.05555	0.0870325	-6.14913
0.249835	0.359031	0.108944	0.459933	0.541992	0.204997	0.67177	0.235991	0.394128	-3.95457
0.0959867	-0.296261	0.328808	0.218561	0.713419	0.783309	0.435339	0.704874	0.541091	-2.6952
0.187748	0.141905	0.370195	0.481522	0.711581	0.380232	0.440671	0.784228	0.786371	-6.89294
0.186431	0.4163	0.387404	0.487308	0.433366	0.56733	0.686247	0.862961	0.24796	-5.78219
0.103282	-0.20606	0.375232	0.444101	0.500393	0.496677	0.574705	0.232774	0.854417	-4.43739
0.18961	0.185746	0.332387	-0.32599	0.688143	0.488157	0.457328	0.210218	0.596187	-4.21002
0.203534	0.177906	0.399998	0.290526	0.355875	0.658818	0.38594	0.933485	0.684404	-8.97646
0.145796	0.305919	0.144786	0.378895	0.483098	0.438547	0.359827	0.933601	-0.0301455	-4.38974
0.115626	-0.182078	0.438361	-0.016548	0.3079	0.426568	0.529577	0.54643	0.279115	-5.96861
0.0151064	0.0675804	0.512663	0.604736	0.661532	0.131056	0.47366	-0.0712174	0.738437	-7.13127
0.117136	0.275974	0.542249	0.436766	0.444556	0.671192	0.399402	0.632974	0.698626	-4.23329
0.23232	-0.220302	0.335488	0.557361	0.312277	0.241071	0.966071	0.65796	0.712007	-6.75428
0.244186	0.337408	0.372893	0.104936	0.652664	0.64817	0.461193	0.505792	0.603167	-4.44733
0.0155577	0.20444	0.440139	0.253639	0.634264	0.534979	0.588401	0.482764	0.519105	-5.8333
0.037008	0.375303	0.425619	0.33645	0.343393	0.590483	0.586531	0.940993	0.904265	-7.35982
0.18813	0.356853	0.475781	0.665621	0.0848849	0.718464	0.87033	0.51998	-0.618139	-5.68087
0.246029	-0.302764	0.261267	0.516152	0.676793	0.588919	0.626364	0.580853	0.259508	-2.71554
0.247267	-0.147588	0.0862752	0.516723	0.646974	0.725241	0.466346	0.938194	0.221236	-6.34293
0.184244	0.144517	0.00484643	0.297444	0.589322	0.258955	-0.0966403	0.582305	1.14999	-3.77556
0.249687	0.23494	0.516468	0.0432125	0.42506	0.653602	0.858298	-0.0294536	0.75827	-5.50289
0.156052	-0.346386	0.369562	0.436975	0.269126	0.386503	0.488087	0.807706	0.390491	-5.42358
0.164561	0.0904304	0.416214	0.165996	0.606326	0.688649	0.747779	0.735709	0.661598	-3.92411
0.217948	0.351524	0.329134	0.568479	0.648514	0.296824	0.0067328	0.138696	0.351549	-3.59631
0.0548016	0.0561493	0.342915	0.301758	0.539268	0.580108	0.132754	0.127577	0.430357	-4.50124
0.179998	0.403602	0.421066	0.531885	0.467097	0.582488	0.609527	0.416908	0.631072	-3.26948
0.130607	0.366654	0.222276	0.317579	0.565141	0.531946	0.580264	0.905298	0.722089	-5.40604
0.122974	-0.0067728	0.0729901	0.393178	0.535605	0.440078	0.459671	0.3059	0.743744	-4.72575
0.222645	0.24222	0.280554	0.287883	0.43791	0.537161	0.509975	0.591705	0.896023	-2.69888
0.20875	0.379574	0.422259	0.0691023	0.34505	0.230067	0.604654	0.976516	0.112764	-7.82402
0.00792009	-0.0505167	0.153345	0.635807	0.707716	0.714488	0.105803	0.223843	0.626524	-4.88607
0.030284	0.148466	0.521659	0.511043	0.0436997	0.423214	0.943642	0.633542	-0.0403666	-5.19238
0.243806	0.168759	0.441161	0.114332	0.164409	0.528364	0.560143	0.670877	0.29145	-5.27021
0.112296	0.302806	0.436471	0.341247	0.791495	0.438361	0.278282	0.275169	-0.269249	-5.2682
0.234452	0.29138	0.198056	0.0122685	0.316376	0.581105	0.139032	1.07916	0.374388	-4.13227
0.189727	0.137678	0.360482	0.670611	0.0186578	0.00160349	0.499844	0.548437	0.598178	-4.95647
0.199794	0.410955	0.0251864	0.653286	0.441505	0.436161	0.586987	0.681161	0.219262	-4.02905
0.102439	0.373265	0.536606	0.595177	0.420133	0.453931	0.629984	0.52627	-0.585069	-3.96321
0.00695771	0.2695	0.0495675	0.604264	0.612413	0.135198	0.169724	0.527974	0.415943	-4.27435
0.188197	0.251175	0.401787	0.50679	0.618684	0.330482	0.455328	0.282033	0.875122	-4.44282
0.0907873	0.384398	-0.0885773	0.127154	0.501397	0.322525	0.93565	0.879702	0.454507	-4.49026
0.049902	0.125141	0.573715	-0.271763	0.205572	0.240914	0.343659	0.330406	0.0908476	-2.2815
0.0377798	0.036475	0.256554	-0.026911	0.536172	0.764927	0.683295	0.0939307	0.530594	-5.74219
0.238418	0.106799	0.0569142	-0.0119913	0.188158	0.474715	0.52745	0.512579	0.496469	-4.53808
0.248399	0.16019	0.417276	0.604273	0.523101	0.215804	0.170983	0.800287	0.193666	-5.33972
0.0631099	-0.0491714	-0.0485464	0.449687	0.490121	0.566398	0.627537	0.742286	0.662639	-4.28084
0.00642892	0.293883	0.440366	0.537308	0.414709	0.505964	0.143218	0.562367	0.353451	-4.46666
0.00144019	0.313924	0.449922	0.267399	0.72083	0.340062	0.381463	0.41407	1.05065	-4.87227
0.0243335	0.379264	0.322541	0.655942	0.601146	0.513499	0.675761	0.228129	0.182681	-5.35314
0.198711	0.191928	0.224961	0.512504	0.477648	0.599219	0.530401	0.933575	0.513367	-4.0556
0.0934731	0.299723	0.366115	0.288686	0.420898	0.685555	0.597085	0.324333	0.698992	-4.63966
0.00677166	0.12074	0.400542	0.527618	0.607965	0.433896	0.378994	0.91405	0.315107	-5.6456
0.151946	-0.0992359	0.394472	0.584464	0.259151	0.780968	0.375124	0.558387	0.281007	-3.92679
0.248663	0.40741	0.539612	0.714822	0.61332	0.652722	0.626921	0.691514	0.241076	-4.22579
0.178796	-0.262592	0.375885	0.576054	0.823406	0.485851	0.709227	0.603953	0.523315	-4.6888
0.0164293	0.0420625	0.318923	0.517975	0.329942	0.378681	0.305104	0.273826	0.435693	-6.2733
0.0387086	0.10067	0.171433	0.327501	0.421748	0.622075	0.833993	0.823907	0.926865	-3.49875
0.246513	0.232795	0.147652	0.383721	0.230772	0.46549	0.733623	0.556893	0.424352	-4.95134
0.0389305	0.290908	0.227376	0.125468	0.491382	0.650579	0.672156	0.521272	0.359474	-4.80987
0.00431972	0.188404	0.216718	0.51845	0.468452	0.438352	0.543545	1.00061	0.265134	-5.42
0.249349	0.297782	0.24805	0.402078	0.508603	0.204244	0.59103	0.544382	0.559257	-6.4086
0.112968	0.197457	0.459669	0.205622	0.681845	0.412361	0.447493	0.620455	0.589414	-4.87879
0.148124	0.257894	0.337562	0.318663	0.514068	0.553912	0.582843	0.945615	0.581469	-2.84339
0.0563409	0.26428	0.320416	0.475593	0.704532	0.72067	0.574601	0.495729	0.615284	-6.03999
0.181531	0.280798	0.435844	0.338965	0.644136	0.668152	0.437915	0.623275	0.459174	-5.39452
0.191575	0.128163	0.3253	0.212171	0.431847	0.330365	0.576695	0.559819	0.630037	-5.65587
0.142099	0.19898	0.492279	0.305618	0.539912	0.486793	0.416027	0.939806	0.0321042	-4.00542
0.00470642	0.263644	-0.0351235	0.585787	0.33651	0.400348	0.264035	0.881249	0.387685	-5.39963
0.00518316	0.331901	0.16562	-0.0330996	0.375208	0.459511	0.593255	0.481353	-0.0378025	-4.7507
0.195215	0.284064	0.164392	0.521585	0.470469	0.729959	0.603122	0.873862	0.898592	-4.53786
0.0388385	0.264924	0.368253	0.587461	0.411315	0.86044	0.505138	0.652378	0.569965	-6.27416
0.242145	0.302938	0.209415	0.356669	0.785604	0.476126	0.129778	0.884709	0.953723	-6.70044
0.0228813	0.282722	0.295074	0.382022	0.340501	0.684753	0.547464	0.597891	0.14728	-6.28137
0.00692844	-0.343727	0.345327	0.486157	0.38778	0.643354	0.36101	0.318381	0.277305	-6.58037
0.1385	0.293966	0.261062	0.419269	0.107877	0.993136	0.1852	0.651183	0.59308	-3.57281
0.2457	0.0922368	0.374274	-0.0827904	0.699145	0.745205	0.716117	0.413612	0.328554	-5.47822
0.0242929	0.125988	0.213828	0.332971	0.469921	0.71009	0.660363	0.803169	1.00282	-3.39873
0.0831692	0.341126	0.416563	0.0696077	0.105145	0.655403	0.819146	0.907923	0.264494	-6.47447
0.143171	0.330351	0.581122	0.303276	0.586157	0.878964	0.571679	0.88118	-0.338903	-5.70492
0.108569	0.479857	0.538705	0.823074	0.479796	0.548988	0.240495	0.545289	0.29552	-7.0216
0.0417629	0.271651	0.452526	0.545488	0.672473	0.613029	0.668355	0.565114	0.614019	-3.9378
0.11838	0.240062	0.360313	0.506612	0.50358	0.321288	0.697529	0.622725	1.10999	-4.91517
0.248281	0.360911	0.532039	0.441781	0.11076	0.368543	0.675314	0.624952	0.457202	-3.72355
0.0823208	0.347581	0.350808	0.518902	0.493397	0.447232	0.298072	0.570364	0.796579	-5.08839
0.111167	0.200366	0.485635	0.250451	0.225789	0.68958	0.257782	0.116083	0.727129	-5.58268
0.242252	0.249889	0.232472	0.313169	0.630772	0.646297	0.805791	0.462847	0.0963898	-3.69205
0.00742831	0.249571	0.108294	0.433451	0.301582	0.100411	-0.35755	0.559646	0.697758	-5.45848
0.241101	0.359681	0.403783	0.568802	0.326452	0.525378	0.668666	0.370907	0.712818	-5.00019
0.235917	0.348216	0.25252	0.457203	0.713327	0.691086	0.797146	0.777618	0.977659	-4.57674
0.111051	0.239909	0.455337	0.0680007	0.345849	0.19719	-0.155026	0.689544	0.214948	-3.68846
0.0798606	0.336576	0.381778	0.168755	0.575347	0.574677	0.4396	0.703373	0.839984	-3.67053
9.95943e-06	0.26974	0.328235	0.332306	0.48514	0.411195	0.0270593	0.537642	1.1306	-5.97027
0.179213	0.255538	0.370219	0.445853	0.581521	0.586564	0.228626	0.702167	1.09704	-3.16272
0.0541645	-0.644952	0.25721	-0.0386855	0.47474	0.685456	0.417194	0.860804	0.375104	-3.37229
0.227759	0.101967	0.434934	-0.0948874	0.342135	0.628825	0.229081	0.201346	0.592208	-4.60715
0.0159065	0.38305	0.0546575	0.339714	0.267777	0.555132	0.810437	0.866471	0.202036	-5.00818
0.00160105	0.23053	0.365391	-0.195707	0.59223	0.384118	0.662664	0.592744	0.303964	-6.00083
0.0145955	0.313223	0.266285	0.560313	0.301019	0.791461	0.421067	0.676163	0.251941	-5.53295
0.0322029	-0.173481	0.621278	0.371008	0.842701	0.501132	0.842364	0.261428	0.706904	-7.11896
0.192289	0.166254	0.456392	0.140357	0.424866	0.560991	0.306532	0.667966	0.857547	-4.72213
0.0309625	0.17361	0.365127	0.529708	0.538383	0.111401	0.0783759	0.5895	0.551156	-1.95434
0.104448	0.405296	0.623764	0.525988	0.723344	0.750058	0.567541	0.790066	0.678846	-2.73319
0.0805263	0.365756	0.361583	0.415603	0.47363	0.773265	0.122101	0.808485	0.785893	-5.96641
0.0030621	-0.00362316	0.315814	0.315071	0.678514	0.411577	0.111712	0.31128	0.186916	-4.78636
0.00966912	0.0550992	0.347288	0.6341	0.527631	0.813153	0.618149	0.498392	0.590414	-6.50452
0.0139759	0.134195	0.474688	0.354421	0.808062	0.775992	0.360223	0.535538	0.424857	-5.40897
0.00475152	0.336154	0.389602	0.379463	0.653601	0.522162	0.468789	0.286354	0.498417	-6.10552
0.225414	0.178384	0.215786	0.164062	0.619308	0.510036	0.248208	0.783634	0.644912	-6.13037
0.085801	-0.22827	0.427923	0.508916	0.660616	0.466789	0.869209	0.553065	0.0370112	-5.25675
0.249976	0.221723	0.369286	0.26894	0.814741	-0.0834496	0.455673	0.62534	0.490899	-7.8697
0.220073	-0.0868518	0.29936	0.555632	0.566222	0.681242	0.285554	0.0410014	0.440919	-4.54904
0.113086	-0.191263	0.436337	0.120901	0.246293	0.528446	0.528337	0.823212	0.633322	-3.24406
0.158278	0.0298883	0.0685995	0.525504	0.674293	0.349043	0.764443	0.527397	0.210679	-6.32265
0.100722	0.096876	0.368422	0.5155	0.289641	0.612312	0.721699	0.445689	0.308762	-4.08327
0.0487062	-0.515722	0.197677	0.707396	0.489662	0.284523	0.557477	0.626671	0.776166	-4.8702
0.226447	0.361736	-0.00186844	0.424269	0.733373	0.592736	0.745064	0.72062	0.613645	-4.50446
0.016289	0.299955	0.429661	0.312904	0.325098	0.499174	0.456774	0.761679	0.888746	-5.86777
0.0150566	0.302571	0.414489	0.549121	0.508332	0.363123	-0.362574	0.681172	0.663794	-6.10132
0.196081	0.350941	0.0867048	-0.0322872	0.722834	0.599241	0.221855	0.705602	0.316055	-6.77509
0.19601	0.33835	0.27229	0.420183	0.275653	0.464734	0.639113	0.48891	0.625765	-3.45741
0.0239356	-0.0150613	0.397533	0.24323	0.721563	-0.00516777	0.730605	0.83214	0.550637	-5.6911
0.0674867	0.249831	0.405966	0.180822	0.301938	0.264887	0.81307	0.435651	0.994488	-5.62516
0.174747	0.309211	0.641968	0.15215	0.587717	0.649244	0.395707	0.392576	-0.257208	-4.08641
0.225335	0.37393	0.3649	0.625251	0.651155	0.471937	0.421015	1.0629	0.0606084	-5.90181
0.021068	0.293426	0.529445	0.181902	0.579299	0.488402	0.790597	0.518868	0.33278	-5.28014
0.0453609	0.220311	0.546134	0.498707	0.714812	0.353063	1.02361	0.629123	0.781261	-5.52152
0.20796	0.216898	0.17315	0.178007	0.707927	0.696708	0.49313	0.262687	0.373618	-4.36731
0.237651	0.267927	0.343385	0.26901	0.495939	0.421199	-0.00718106	0.766826	0.676538	-2.95958
0.0113157	-0.750307	0.430336	0.245743	0.334133	0.290565	0.839387	0.538029	0.306175	-4.75825
0.232437	0.258914	0.19589	0.631631	0.21796	0.164076	0.539489	0.50706	0.363058	-4.16855
0.0404038	0.244585	0.494441	0.276716	0.499663	0.295203	0.352606	0.571441	0.142888	-5.29414
0.0164078	0.00641113	0.132147	0.15757	0.169577	0.485842	-0.157465	0.523276	0.737943	-4.59108
0.0863532	0.283988	0.145815	-0.659915	0.134526	0.752568	0.494631	0.321518	0.269481	-4.34871
0.132206	0.339386	0.557817	0.606135	-0.104273	0.139562	0.687915	0.692412	-0.398643	-3.95167
0.181368	-0.341277	0.400775	0.282964	0.534232	0.354369	0.370328	0.700372	0.960874	-5.80064
0.21119	0.208439	0.484651	0.236431	0.461657	0.394438	0.549501	0.58053	0.696989	-5.3971
0.100364	0.167275	0.349253	-0.16971	-0.0579978	0.252766	-0.0247593	0.190403	0.89679	-5.05602
0.199251	0.103077	0.295185	0.0549502	0.269358	0.512708	0.604734	0.70575	0.948113	-5.55455
0.240219	0.266057	0.208706	0.435933	0.314691	0.496545	0.726149	0.507909	0.0534928	-4.09489
0.122796	0.186888	0.375668	0.465328	0.0929216	0.628887	0.55735	0.724994	0.858575	-7.15864
0.0119619	0.266359	0.271438	0.392638	-0.0360781	0.503539	0.542662	1.06176	0.839481	-5.9701
0.242298	-0.0120435	0.472219	0.454001	0.25902	0.181813	0.153957	0.615283	0.188479	-5.77717
0.182609	0.191852	0.360372	0.131495	0.872692	1.01436	0.639573	0.88115	0.503401	-5.04906
0.227197	0.202111	0.297696	0.287616	0.636299	0.653995	0.0316252	0.914495	0.446595	-5.54754
0.0640358	0.259719	0.302392	0.206135	0.515988	0.640956	0.580872	0.539679	0.0177806	-4.46588
0.00276148	-0.0500671	0.348919	0.568668	0.469388	0.731302	0.570845	0.665323	0.891325	-3.0909
0.201089	0.171998	0.494848	0.323547	0.123514	0.662899	0.260447	0.336786	0.803115	-4.90007
0.224271	0.045606	0.378019	0.474346	0.0839491	0.555338	0.777321	0.451819	0.772496	-4.33116
0.248374	0.246527	0.293115	0.69532	-0.0986388	-0.118504	0.509303	0.901461	0.856024	-5.97056
0.191592	0.240708	0.397983	-0.331106	0.386433	0.72094	0.745858	0.960183	0.610264	-6.26663
0.172801	0.295327	0.243157	0.546457	0.41653	0.430103	0.182751	0.531983	0.568904	-6.47834
0.000125976	0.302817	-0.0498512	0.0318487	0.634588	0.801735	0.747735	0.693917	0.33099	-3.14376
0.0272101	0.352047	0.334555	0.346308	0.390658	0.986365	0.534249	0.956003	0.482215	-5.84026
0.0315262	0.173581	0.530376	0.439976	0.240143	0.746644	0.327194	0.594901	0.670536	-5.46833
0.0183827	0.10907	0.323464	0.34109	0.427261	0.554061	0.61165	0.582488	0.78812	-7.18088
0.0910908	0.159781	0.539228	0.228077	0.441506	0.580372	0.515707	0.593998	0.282148	-5.53001
0.0881018	0.337512	0.195347	0.527724	0.507726	0.643911	0.316906	0.760783	0.495236	-4.51907
0.00660274	0.267604	0.117748	-0.053205	0.598696	0.283463	0.592462	0.414849	0.787334	-4.48842
0.00986344	0.358466	0.0693582	-0.031931	0.405517	0.415424	0.61913	0.43255	0.866422	-4.85733
0.00126892	0.173338	0.260646	0.303721	0.187861	0.386382	0.799046	1.12506	-0.0396001	-4.53617
0.238866	0.350551	0.419764	0.339799	0.79422	0.248792	0.127543	0.594216	0.526946	-4.204
0.172455	0.100877	0.307524	0.208577	0.746235	0.592636	0.435849	0.850096	0.763919	-4.86592
0.0115207	0.265113	0.0829443	0.366282	0.787846	-0.00166705	0.426487	0.594814	0.379196	-5.58572
0.202633	0.305999	-0.153641	0.318833	0.56538	0.298832	0.549472	0.618102	0.432214	-5.83898
0.214565	0.331022	0.380642	0.351142	0.53398	0.485545	0.691088	0.324211	0.760013	-5.53016
0.00462405	0.443895	0.536113	0.585147	0.611718	0.540008	0.150063	0.623003	0.562323	-3.72247
0.228312	-0.371559	0.490046	0.429946	0.6734	0.270902	0.654187	0.734253	0.60653	-3.14922
0.0256511	0.0954561	0.238002	0.201114	0.421017	0.181954	0.732856	0.802023	0.651744	-6.50006
0.0659765	0.183495	0.357804	0.431556	0.624953	0.464288	0.32842	0.361597	0.550114	-5.63864
0.129558	0.0164394	0.574717	0.365799	0.364027	0.589016	0.614069	0.891264	0.0602841	-3.84917
0.187327	0.231235	0.107885	0.445721	0.460567	0.353774	0.117498	0.545752	0.27337	-5.57986
0.0125944	0.320032	0.271871	0.257623	0.551994	0.376981	0.560897	0.902532	0.37795	-4.20751
0.0263371	0.232247	0.297905	0.184257	0.880403	0.820791	0.534653	0.622743	0.547884	-3.56161
0.230614	0.180118	0.327689	0.182822	0.720343	0.252842	0.576752	0.564567	0.629234	-4.79248
0.0809968	0.370626	0.459371	0.534772	0.605216	0.63493	0.190617	0.674476	0.192835	-5.61337
0.00596652	0.183917	0.120792	0.319414	0.427068	0.439298	0.53977	0.331638	0.156712	-3.70607
0.116988	0.0795633	0.18141	0.41223	0.433249	0.457006	0.727197	0.9245	-0.446134	-4.13264
0.0459834	-0.359458	0.253823	0.557773	0.249696	0.595156	0.722754	0.897474	0.624446	-7.50216
0.249813	0.243875	0.283152	0.568187	0.489693	0.620282	0.50457	0.709245	1.0221	-4.30792
0.147473	-0.528692	0.0942991	0.632976	-0.120257	0.642405	-0.0107341	0.23208	0.918096	-2.9899
0.249543	0.223691	0.452774	0.215178	0.481091	0.352373	0.482123	0.745971	0.311464	-4.97359
0.235715	0.263718	0.112969	0.40552	0.631966	0.509	0.398139	0.811239	0.110697	-3.90015
0.00128311	0.24198	0.20318	0.545058	0.616866	0.370844	0.856173	0.217336	0.271388	-5.84384
0.00218665	0.353316	0.523664	0.184198	0.279182	0.269565	0.269016	0.635956	0.415942	-4.11323
0.131814	-0.40558	0.295558	0.482844	0.0310118	0.84698	0.231652	1.10395	0.878843	-5.70714
0.104863	-0.0424711	0.207676	0.326815	0.390243	0.150432	0.408759	0.231485	0.372582	-7.00951
0.00287202	0.133109	0.393368	0.430977	0.540272	0.670294	1.01077	0.322227	0.701896	-5.436
0.241617	0.284702	0.277314	0.611976	0.40294	0.57734	0.37607	0.695787	0.496269	-5.44846
0.225754	0.251743	0.406208	0.483603	0.350555	0.497706	0.587096	0.625171	0.48329	-5.17905
0.12335	0.361621	0.476272	0.40243	0.524621	0.406264	-0.0614592	0.445194	0.514585	-6.64908
0.0351463	0.137987	0.5455	0.30018	0.442085	0.476481	0.477385	0.71248	0.919869	-5.9286
0.152875	0.475356	0.304475	0.0415294	0.613115	0.375458	-0.105636	0.367497	0.376367	-5.67173
0.0629553	0.310315	0.332689	0.510286	0.554922	0.267051	0.161824	0.24883	0.56204	-5.73999
0.0749543	0.0333522	0.460533	0.504586	0.552506	0.778275	0.0901634	0.631025	0.5632	-4.3906
0.066121	-0.0330901	0.398389	0.591223	0.67002	0.567283	0.381231	1.07784	0.26803	-5.93138
0.072568	-0.135369	0.33688	0.46709	0.312689	0.673896	-0.0736555	0.600016	0.403538	-5.44654
0.2417	0.284194	0.199261	0.17425	0.495433	0.269487	-0.0185927	0.748827	0.43177	-5.09543
0.0681466	-0.326293	0.313992	-0.0222603	0.416601	0.1987	0.762931	0.415362	0.285603	-6.57757
0.240003	-0.730831	0.267006	0.332658	0.380159	0.553905	0.528346	0.149682	0.434752	-3.85596
0.112232	0.138383	0.424037	-0.193467	0.0776607	0.504722	0.66667	1.19008	0.412723	-5.43298
0.103009	0.344269	0.344166	0.272568	0.562454	0.269558	0.393038	0.234507	0.0121385	-6.9011
0.0524794	0.266591	0.4098	0.717592	0.33521	0.446971	0.409166	0.597625	1.15822	-3.85748
0.125842	0.342305	0.246954	-0.0923525	0.43512	0.660411	0.728409	0.796591	0.988166	-5.91609
0.240548	0.249565	0.489364	0.376757	0.592947	0.0165195	0.597312	0.552965	0.226444	-3.9649
0.194421	0.459312	0.374567	0.371921	0.576994	0.421174	0.335711	0.380248	0.236216	-4.00176
0.240235	0.232283	0.49005	-0.0552871	0.659737	0.21333	0.760591	0.364901	0.896234	-3.96454
0.249912	0.472243	0.347509	0.348539	0.372516	0.748062	0.456071	1.09004	0.541082	-5.25134
0.200816	0.112219	0.288323	-0.00552362	0.578696	0.559333	0.425372	0.457834	0.691739	-5.17488
0.239667	0.0886212	0.313361	0.291683	0.312075	0.586713	0.475889	0.569327	0.227508	-4.04362
0.031844	0.108258	0.328273	0.633508	0.491217	0.839356	0.537318	0.268535	0.315698	-6.17458
0.0456023	0.126727	0.403667	0.306863	0.456043	0.617368	0.642196	0.332982	0.934351	-5.18484
0.0742537	0.278828	0.225411	0.352997	0.502154	0.319381	0.621153	0.392363	0.402625	-4.83101
0.0238719	0.306489	0.299038	0.535374	0.666396	0.593427	0.703126	0.369635	0.462183	-1.90297
0.107013	0.269217	0.1272	0.482511	0.454513	0.34981	0.541426	0.448845	0.834236	-5.84315
0.232263	0.079205	0.0517664	0.662117	0.520284	0.412979	0.546211	0.545913	0.465822	-6.23131
0.243148	0.262957	0.44207	0.26356	0.476947	0.417211	0.53611	0.704745	0.292885	-5.16866
0.222115	-0.121426	0.114733	0.465128	0.545791	0.69924	0.31035	0.548951	0.27481	-5.47673
0.0552325	0.242583	0.210427	0.138251	0.426557	0.471513	0.276267	0.667702	0.771197	-5.15726
0.0880693	0.188539	0.376103	0.516047	0.827173	0.563656	0.571	0.555053	0.427145	-3.40439
0.0745147	0.218397	0.424196	0.263826	0.344591	0.612511	0.0122081	0.709466	0.723967	-3.59074
0.000962786	0.175319	0.292275	0.16305	0.263371	-0.214709	0.555631	0.453173	0.62669	-3.99375
0.239323	0.286468	0.282893	0.411741	0.325346	0.433784	0.542728	0.430065	0.958967	-6.29299
0.226272	0.265254	0.417225	0.458086	0.400698	0.517196	0.774683	0.717015	0.65279	-6.9509
0.125502	0.22531	0.404714	0.540076	0.465678	0.459471	0.0768232	0.250009	0.843571	-6.65837
0.16685	0.23623	0.419893	0.681864	0.484985	0.612287	0.551513	0.573712	0.885001	-5.58146
0.077923	0.119226	0.452844	0.530473	0.555791	0.647794	0.642078	0.21873	0.608466	-4.94216
0.13496	0.102431	0.249516	0.654316	0.165467	0.488263	0.112669	0.951729	0.82015	-6.11694
0.172581	0.39264	0.383245	0.386893	0.519013	0.494966	0.240034	0.756551	0.782757	-3.58706
0.0567959	0.00716247	0.301865	0.555945	0.688018	0.736016	-0.0983834	0.661723	0.743784	-5.86444
0.150197	0.239582	0.120653	0.577075	-0.212631	0.30392	0.34917	0.554235	-0.369275	-4.68904
0.0361126	0.410092	0.188942	0.414999	0.291622	0.547468	0.487413	0.872845	-0.234568	-4.20726
0.000584296	0.284408	0.324826	0.524624	0.281594	0.564338	0.645765	0.633874	0.422812	-4.37119
0.175591	0.28969	0.47766	0.682815	0.683527	0.444661	0.839687	0.38559	0.629106	-6.78652
0.22821	0.083181	0.0858005	0.269111	0.666061	0.455652	0.514179	0.350423	0.959026	-5.78683
0.084921	-0.295888	0.341002	0.203914	0.630311	0.42788	0.221489	0.605024	0.248115	-5.66308
0.163221	0.184315	0.519856	0.372357	0.728767	0.795	0.528576	0.307277	0.520432	-6.64982
0.0117653	0.321137	0.110377	-0.0363655	0.607076	0.632055	0.732783	0.14756	0.610286	-3.7981
0.00969349	0.41842	0.40207	0.499755	-0.159258	0.611678	0.262695	0.731639	0.620966	-2.694
0.0119825	0.31832	0.39789	0.479872	0.354789	0.522577	0.228235	0.459176	0.620788	-2.3591
0.169496	0.306427	0.313785	0.365153	0.649378	0.726724	0.182961	0.959125	0.147527	-4.861
0.154597	0.132965	0.0413782	0.260316	0.489601	0.508895	0.513193	0.756126	0.698606	-5.04513
0.230374	0.322025	0.426239	0.468845	0.303774	0.597197	0.602753	-0.197491	0.872576	-3.43923
0.244356	0.00277064	0.320328	0.624753	0.642881	0.551908	0.140534	0.257261	0.401627	-3.82308
0.0321101	0.303709	0.541992	0.448273	0.225055	0.663692	0.479789	0.691998	0.796657	-7.01386
0.172188	-0.0848272	-0.025271	0.10306	0.620216	0.371506	0.719296	0.873571	0.68901	-3.55768
0.245448	0.219883	0.520551	0.0921438	0.543655	0.815341	0.254832	0.843622	0.228916	-5.25488
0.0183488	0.351156	0.463362	0.250321	0.185494	0.328276	0.530982	0.872807	0.511833	-4.63136
0.00593618	0.356142	0.477743	0.201668	0.248622	0.634041	0.226146	0.677196	0.645683	-2.95263
0.247047	0.294706	0.310861	-0.309124	0.64039	0.56881	1.00383	0.986179	-0.12167	-6.74937
0.209071	0.252575	0.380222	-0.0780298	0.0068103	0.618972	0.445588	0.53272	0.500323	-3.41633
0.161915	0.234366	0.396316	0.480193	0.270642	0.550484	0.224637	0.682456	0.59817	-3.96746
0.12896	0.277192	0.348359	0.501024	0.568646	0.659928	-0.187343	0.721718	0.399434	-4.75627
0.0494529	0.288239	0.282699	0.209746	0.330111	0.510522	0.764247	0.953969	0.719252	-3.34691
0.112294	-0.193444	0.657296	0.705049	0.554193	0.706386	0.796762	0.625003	0.139783	-6.10933
0.208578	0.00771981	0.263198	0.263412	0.559541	0.621877	0.699132	0.768259	0.493576	-2.80841
0.0990942	0.215214	0.374504	0.356395	0.598695	0.545257	0.304586	0.677746	1.08532	-4.39869
0.0560101	-0.124239	0.173198	0.0713245	0.465567	0.233149	0.499332	0.792752	0.628299	-3.47883
0.189166	0.346075	0.212025	0.55481	0.133566	0.102903	0.869644	0.505053	1.02698	-5.45323
0.0459183	0.292711	0.31226	0.590313	0.665957	0.57957	0.628611	0.330951	0.671789	-3.93577
0.246947	-0.0629512	0.333043	0.34329	0.410422	-0.0227296	1.01528	0.340217	0.773623	-4.36681
0.245255	0.174405	0.199268	0.387742	0.112749	0.593059	0.518736	0.922992	0.702393	-6.89059
0.191913	0.262127	0.369866	0.561012	0.689549	0.602167	0.0493743	0.519129	0.51807	-6.96026
0.0473211	0.106042	0.421993	0.457629	0.487658	0.446899	0.608093	0.827181	0.586804	-4.85615
0.23874	0.101743	0.436583	-0.886243	0.238469	0.791171	0.17539	0.282257	0.399093	-7.78453
0.0177348	-0.075444	0.549343	0.162893	0.499951	0.710892	0.461657	0.595113	-0.00971983	-4.15894
0.116948	-0.751362	0.210111	0.0899692	0.194765	0.47545	0.356744	0.604133	0.843749	-7.95874
0.249552	0.229319	0.455776	0.470215	0.186123	0.495727	0.300927	0.0920336	0.37704	-5.1618
0.0334749	0.392163	0.498484	0.400281	0.49356	0.560228	0.0992186	0.581218	0.782056	-7.5845
0.248425	0.323702	0.256798	0.444231	0.728736	0.754725	0.734141	0.352085	0.906038	-4.80593
0.235508	0.0993842	0.328648	-0.0709264	0.469933	0.246263	0.199121	0.665678	-0.174794	-5.88185
0.0949428	0.347951	0.50936	0.103548	0.624143	0.424499	0.497077	0.636099	0.478525	-3.96907
0.23453	-0.0315534	0.505382	0.306454	0.39898	0.686105	0.87468	0.454545	0.109252	-5.45313
3.49053e-06	-0.237953	0.533929	0.469487	0.453885	0.714971	0.547296	0.712611	0.18314	-6.6062
0.244015	0.2688	0.440787	0.345624	0.47741	0.34337	0.312273	0.35473	0.878129	-6.37475
0.10442	0.302684	0.498763	0.517105	0.384085	0.574444	0.879489	0.67945	0.308977	-6.22034
0.0472199	0.336338	0.431665	0.276439	0.757907	0.19512	0.123515	0.883863	1.19414	-4.59586
0.090958	0.450605	0.413027	0.254385	0.326398	0.622591	0.649875	0.761791	0.807099	-6.28288
0.0375825	-0.198132	0.658783	0.284659	0.328649	0.433375	0.48174	0.691337	0.683419	-4.42414
0.235064	0.272927	0.322907	0.377637	0.377232	-0.0840259	0.695316	0.992454	0.515147	-3.15983
0.180439	-0.0981863	0.159765	0.355723	0.262113	0.192341	0.548497	0.683389	0.415652	-3.81504
0.158644	-0.00520392	0.247768	0.472955	0.386876	0.823897	0.541256	0.614838	0.669829	-3.18079
0.245153	0.24648	0.200939	0.482139	0.265676	0.358436	0.358528	0.630605	0.530803	-5.1057
0.0834802	0.129146	0.261503	0.295725	0.241045	0.719253	0.302777	0.481066	0.310708	-4.80009
0.0037412	0.101883	0.139963	0.40778	0.278673	0.683888	0.0762378	0.5027	0.742864	-4.01452
0.0189113	-0.126945	0.462873	0.46946	0.610293	0.787196	0.862403	0.192141	0.498736	-4.60293
0.249964	-0.0264194	0.404212	0.514937	0.464247	0.538574	0.648814	0.677138	0.838042	-2.9323
0.00110496	-0.80821	0.153202	0.443831	0.583731	0.474886	0.6082	0.389494	1.01901	-3.9086
0.186929	0.314852	0.261055	0.471996	0.815372	0.631534	0.628775	0.455471	0.579345	-4.67888
0.19552	0.244313	-0.0434239	0.0770433	0.729085	0.553652	0.660181	0.622431	0.379154	-4.30876
0.106222	0.366229	0.456993	0.19203	0.521017	0.42378	0.365452	0.254566	0.347899	-4.03195
0.0641787	0.0645306	0.267239	0.413141	0.585168	0.728493	0.123194	0.855623	0.783681	-4.29581
0.134297	-0.487481	0.427751	0.14014	0.371642	0.508852	0.622407	1.0058	0.701129	-7.59942
0.189654	0.291439	0.480002	0.299781	0.680643	0.374856	0.432643	0.705555	0.555416	-7.34422
0.0243588	-0.121897	0.492844	0.584782	0.494674	0.411117	0.35932	0.651874	0.883944	-6.58154
0.244265	0.204078	0.520292	0.444173	0.555028	0.778693	0.539668	0.770151	0.483149	-3.72092
0.00979493	0.345068	0.112912	0.189192	0.451113	0.683067	0.584167	0.513995	0.800211	-6.29842
0.0837173	0.159982	-0.0502344	0.438509	0.523051	0.741745	0.662134	0.133122	0.109132	-4.16051
0.0350043	0.225459	0.133853	0.650973	0.582578	0.676449	0.22431	0.570582	-0.0827564	-5.21778
0.228501	-0.0673712	0.534701	0.395005	0.391528	0.69469	0.46764	0.858121	0.964215	-2.46645
0.249391	0.0626485	0.327628	-0.333381	0.213679	0.594273	0.314377	0.373941	0.0810699	-4.59031
0.143849	0.326196	0.189718	0.46978	0.408236	0.813061	0.781926	0.252317	0.580301	-4.346
0.116191	0.278607	0.33873	0.583206	0.49719	0.0534957	0.525907	0.891915	0.578783	-3.24347
0.0154029	0.416355	0.324343	0.216538	0.482602	0.45664	0.560782	0.962361	0.721904	-4.32967
0.228757	0.32228	0.274593	0.286386	0.636907	0.234826	0.477028	0.349447	1.10114	-3.71138
0.203288	-0.00419685	0.364367	0.241859	0.508597	0.479399	-0.530145	0.679135	0.829805	-4.60354
0.232721	0.040835	0.508199	0.0865828	0.329819	0.0641887	0.131433	0.491077	0.772216	-4.43754
0.17735	0.219202	0.438083	0.238786	0.482793	0.197391	0.349157	0.0540395	0.707387	-6.21361
0.213906	0.447391	0.115245	0.408855	0.2239	0.909346	0.483571	0.747754	0.390726	-2.95979
0.120675	0.312575	0.495695	0.0817339	0.274213	0.829968	0.274512	0.678998	0.483539	-3.45765
0.0658426	0.405853	0.200081	0.259477	0.19256	0.664624	0.554406	0.781786	-0.106226	-3.89737
0.245528	0.286293	0.469535	0.274763	0.41646	0.0308578	0.673265	0.814888	0.668067	-4.59198
0.218694	0.388243	0.362153	0.679845	0.742454	0.10176	0.294857	0.834014	0.158598	-3.9681
0.246656	0.100081	0.307322	0.448884	0.666674	0.724613	0.707098	0.435044	0.920116	-4.74162
0.0214156	0.306946	0.292843	0.485199	0.204959	0.571046	0.877522	0.616005	0.345175	-4.23546
0.248873	0.391576	0.333718	0.606906	0.486445	0.273016	0.570458	1.0532	0.4805	-4.18277
0.198709	0.386886	0.488794	0.429791	0.481375	0.587367	0.353558	0.809601	-0.191474	-4.58514
0.153312	0.34213	0.456866	-0.195977	0.63534	0.488378	0.79599	0.925143	0.718087	-3.9935
0.0122883	0.233599	0.404571	0.241943	0.285167	0.549938	0.716777	0.776414	0.52279	-4.13645
0.222314	0.260678	0.175342	-0.00406963	0.865907	0.42272	0.658685	0.53774	0.323456	-6.16033
0.225265	0.250217	0.09157	0.309442	0.481651	0.757167	0.215896	0.873764	1.08563	-4.4001
0.0322894	-0.209524	0.549773	0.270723	0.0964361	0.59399	0.307384	0.549204	0.27107	-3.13344
0.0849673	0.401514	0.39568	0.529385	0.625567	0.476027	0.527681	0.659848	0.0846782	-6.33829
0.209826	0.26242	0.503097	-0.311575	0.509867	0.800455	0.563793	0.727783	0.465565	-4.11549
0.202322	0.258065	0.328688	0.475015	0.510134	0.789964	0.384748	0.544304	0.622937	-3.62308
0.229092	0.203635	0.264423	0.240724	0.0955555	0.33508	0.405773	0.810132	0.285664	-5.98874
0.241998	0.284887	0.343741	0.557312	0.426981	0.35286	0.64871	0.221284	0.361621	-4.32794
0.00223037	0.238316	0.266143	-0.227442	0.246286	0.612838	0.268366	0.897393	0.791096	-7.02
0.129262	0.437292	0.423401	0.545258	0.71599	0.761384	0.56753	0.576888	0.727199	-4.60895
1.36385e-05	0.0174887	0.402434	0.513078	0.535299	0.549041	0.862218	0.635906	0.30558	-6.39095
0.0526427	0.197132	0.281184	0.605174	0.734809	-0.404614	0.320675	0.676611	0.845467	-5.66786
0.156171	0.256261	0.245651	0.234636	0.367627	0.791426	0.309154	0.616337	0.541552	-4.34675
0.219005	0.307112	0.526722	0.386408	0.383368	0.330575	0.725708	0.853973	0.834026	-5.10187
0.249998	0.255301	0.284762	-0.389135	0.320368	0.592589	0.583416	0.323136	0.663076	-4.79436
0.201713	0.391199	0.563953	-0.0365154	0.426951	0.684083	0.847875	0.648256	0.0662084	-5.96638
0.184615	0.2877	0.11744	0.154127	0.593447	0.228302	0.351557	0.592617	0.662652	-3.43833
0.103752	0.275033	0.204206	0.407201	0.3399	-0.13411	0.512368	0.797682	0.413874	-5.02232
0.0462143	-0.0602474	0.326958	0.21432	0.328684	0.570955	0.539266	0.684133	0.886624	-4.15213
0.214478	0.253802	0.445576	0.169932	0.386885	-0.373002	0.421813	0.612328	-0.187693	-4.95208
0.124555	0.433625	0.300051	0.342867	0.0676166	0.375347	0.675407	0.529764	0.563735	-3.98308
0.197749	0.0380797	0.32582	0.526048	0.671053	0.135133	0.851818	0.990888	0.475912	-5.89001
0.030112	0.279147	0.474115	0.196435	0.375097	0.712002	0.634214	0.591552	0.838923	-6.45474
0.20911	0.196099	0.502756	0.570478	0.281401	0.43604	0.386157	0.163301	0.327477	-6.42646
0.211901	0.309964	0.421088	0.198052	0.631799	0.317876	0.657744	0.383606	0.819221	-3.78552
0.00411123	0.213797	0.125022	0.576956	0.475754	0.682409	0.106992	0.756418	0.756471	-3.10595
0.0676086	0.207416	0.197626	0.306942	0.486816	0.746769	0.097715	0.616185	0.145001	-4.53897
0.0420002	0.186921	0.264162	0.398405	0.579589	0.384611	0.152756	0.796516	0.659601	-5.59681
0.151719	0.259075	0.361791	0.402115	0.60066	-0.0345917	0.0414223	0.828575	0.0959375	-6.71172
